# Data printout from CCMC-simulation: version 1.1
# Data type:  ENLIL  Heliosphere
# Run name:   Christina_Lee_030310_SH_4 Missing data:  -1.09951e+12
# Start Date, time: 2008/03/19  22:00:00
# Time     R     Lat     Lon     V_r     V_lon     V_lat     B_r     B_lon     B_lat     N     T     E_r     E_lon     E_lat     V     B     P_ram     
# day    AU    deg    deg    km/s    km/s    km/s    nT    nT    nT    cm^-3    K    mV/m    mV/m    mV/m    km/s    nT    nPa    
0.00082411100 1.0000000 -7.0999200 180.00000 481.18900 -1.4483000 -1.6712000 1.9859500 -1.7110300 -0.00052318300 5.4443500 40950.200 0.0028587000 0.0030671600 0.82045000 481.19400 2.6213700 2.1082600
0.0034722800 1.0000000 -7.0996500 180.00000 481.11900 -1.4473400 -1.6697600 1.9851600 -1.7106000 -0.00051721200 5.4452100 40933.900 0.0028555400 0.0030658900 0.82013100 481.12400 2.6205000 2.1079800
0.0061197400 1.0000000 -7.0993900 180.00000 481.05000 -1.4462200 -1.6682800 1.9843800 -1.7101900 -0.00051342600 5.4460800 40917.700 0.0028523300 0.0030635000 0.81981600 481.05500 2.6196400 2.1077100
0.0087678100 1.0000000 -7.0991200 180.00000 480.97900 -1.4449500 -1.6667700 1.9835900 -1.7097800 -0.00051198300 5.4469700 40901.600 0.0028490700 0.0030599300 0.81950400 480.98400 2.6187800 2.1074400
0.011415300 1.0000000 -7.0988600 180.00000 480.90900 -1.4435400 -1.6652200 1.9828100 -1.7093800 -0.00051318500 5.4478700 40885.500 0.0028457500 0.0030550000 0.81919600 480.91400 2.6179200 2.1071700
0.014063300 1.0000000 -7.0985900 180.00000 480.83800 -1.4419800 -1.6636300 1.9820200 -1.7089900 -0.00051732600 5.4487800 40869.400 0.0028423900 0.0030486100 0.81889100 480.84300 2.6170700 2.1069000
0.016710800 1.0000000 -7.0983300 180.00000 480.76700 -1.4402800 -1.6620100 1.9812400 -1.7086100 -0.00052432000 5.4496900 40853.300 0.0028389700 0.0030407600 0.81859000 480.77200 2.6162300 2.1066300
0.019358800 1.0000000 -7.0980600 180.00000 480.69600 -1.4384300 -1.6603500 1.9804600 -1.7082300 -0.00053441300 5.4506100 40837.300 0.0028355000 0.0030313700 0.81829100 480.70100 2.6153900 2.1063600
0.022006300 1.0000000 -7.0978000 180.00000 480.62400 -1.4364500 -1.6586500 1.9796800 -1.7078600 -0.00054746500 5.4515200 40821.400 0.0028319600 0.0030204800 0.81799400 480.62900 2.6145600 2.1060800
0.024654400 1.0000000 -7.0975400 180.00000 480.55100 -1.4343400 -1.6569200 1.9789000 -1.7074900 -0.00056368800 5.4524400 40805.400 0.0028283700 0.0030080000 0.81769800 480.55600 2.6137300 2.1058000
0.027301800 1.0000000 -7.0972700 180.00000 480.47800 -1.4321000 -1.6551400 1.9781300 -1.7071200 -0.00058291400 5.4533500 40789.400 0.0028247000 0.0029940100 0.81740400 480.48300 2.6129000 2.1055100
0.029949900 1.0000000 -7.0970000 180.00000 480.40500 -1.4297300 -1.6533300 1.9773600 -1.7067600 -0.00060511400 5.4542600 40773.400 0.0028209800 0.0029785300 0.81711000 480.41000 2.6120800 2.1052200
0.032597400 1.0000000 -7.0967400 180.00000 480.33100 -1.4272400 -1.6514800 1.9765800 -1.7064000 -0.00063023300 5.4551600 40757.300 0.0028171800 0.0029615700 0.81681600 480.33600 2.6112600 2.1049200
0.035245500 1.0000000 -7.0964800 180.00000 480.25700 -1.4246400 -1.6495900 1.9758200 -1.7060400 -0.00065816300 5.4560500 40741.100 0.0028133300 0.0029432000 0.81652300 480.26200 2.6104500 2.1046100
0.037893000 1.0000000 -7.0962100 180.00000 480.18200 -1.4219100 -1.6476500 1.9750500 -1.7056800 -0.00068916700 5.4569300 40724.900 0.0028093900 0.0029232700 0.81623000 480.18700 2.6096300 2.1043000
0.040541100 1.0000000 -7.0959400 180.00000 480.10800 -1.4190800 -1.6456800 1.9742900 -1.7053300 -0.00072328800 5.4578000 40708.500 0.0028053900 0.0029018000 0.81593800 480.11300 2.6088200 2.1039800
0.043188600 1.0000000 -7.0956800 180.00000 480.03300 -1.4161300 -1.6436600 1.9735300 -1.7049700 -0.00076014800 5.4586700 40692.100 0.0028013100 0.0028789200 0.81564600 480.03800 2.6080200 2.1036500
0.045836700 1.0000000 -7.0954200 180.00000 479.95700 -1.4130800 -1.6416000 1.9727800 -1.7046100 -0.00079940000 5.4595300 40675.500 0.0027971700 0.0028548300 0.81535400 479.96200 2.6072100 2.1033200
0.048484200 1.0000000 -7.0951500 180.00000 479.88100 -1.4099200 -1.6394900 1.9720200 -1.7042600 -0.00084076800 5.4603800 40658.900 0.0027929400 0.0028296400 0.81506200 479.88600 2.6064100 2.1029900
0.051132300 1.0000000 -7.0948900 180.00000 479.80500 -1.4066600 -1.6373400 1.9712700 -1.7039100 -0.00088391000 5.4612300 40642.000 0.0027886300 0.0028035400 0.81477100 479.81000 2.6056100 2.1026500
0.053779900 1.0000000 -7.0946200 180.00000 479.72900 -1.4033000 -1.6351400 1.9705200 -1.7035500 -0.00092844500 5.4620700 40625.100 0.0027842400 0.0027766800 0.81448000 479.73400 2.6048200 2.1023100
0.056428000 1.0000000 -7.0943600 180.00000 479.65300 -1.3998500 -1.6328900 1.9697800 -1.7032000 -0.00097410500 5.4629100 40607.900 0.0027797800 0.0027492000 0.81418900 479.65800 2.6040200 2.1019600
0.059075500 1.0000000 -7.0940900 180.00000 479.57600 -1.3962900 -1.6305800 1.9690400 -1.7028500 -0.0010207900 5.4637400 40590.700 0.0027752100 0.0027211400 0.81389800 479.58100 2.6032300 2.1016100
0.061723600 1.0000000 -7.0938300 180.00000 479.50000 -1.3926500 -1.6282300 1.9683000 -1.7025000 -0.0010684800 5.4645700 40573.300 0.0027705700 0.0026925100 0.81360800 479.50400 2.6024500 2.1012500
0.064371200 1.0000000 -7.0935600 180.00000 479.42300 -1.3889000 -1.6258100 1.9675700 -1.7021500 -0.0011169100 5.4653900 40555.800 0.0027658200 0.0026634200 0.81331700 479.42700 2.6016600 2.1009000
0.067019400 1.0000000 -7.0933000 180.00000 479.34600 -1.3850700 -1.6233300 1.9668400 -1.7018000 -0.0011657500 5.4662100 40538.100 0.0027609800 0.0026340400 0.81302700 479.35000 2.6008800 2.1005300
0.069666900 1.0000000 -7.0930300 180.00000 479.26800 -1.3811500 -1.6207900 1.9661100 -1.7014500 -0.0012147100 5.4670200 40520.200 0.0027560200 0.0026044800 0.81273700 479.27300 2.6001000 2.1001700
0.072315100 1.0000000 -7.0927700 180.00000 479.19100 -1.3771400 -1.6181900 1.9653900 -1.7011000 -0.0012639300 5.4678300 40502.200 0.0027509600 0.0025747000 0.81244600 479.19600 2.5993300 2.0998000
0.074962700 1.0000000 -7.0925000 180.00000 479.11300 -1.3730400 -1.6155100 1.9646700 -1.7007500 -0.0013133200 5.4686300 40484.000 0.0027457700 0.0025447000 0.81215400 479.11800 2.5985500 2.0994300
0.077610900 1.0000000 -7.0922400 180.00000 479.03600 -1.3688500 -1.6127600 1.9639500 -1.7003900 -0.0013630200 5.4694300 40465.700 0.0027404600 0.0025144500 0.81186100 479.04000 2.5977800 2.0990500
0.080258500 1.0000000 -7.0919800 180.00000 478.95800 -1.3645800 -1.6099300 1.9632400 -1.7000400 -0.0014128800 5.4702200 40447.200 0.0027350100 0.0024839700 0.81156600 478.96200 2.5970000 2.0986800
0.082906700 1.0000000 -7.0917100 180.00000 478.88000 -1.3602200 -1.6070300 1.9625300 -1.6996800 -0.0014629200 5.4710000 40428.500 0.0027294300 0.0024532700 0.81127100 478.88400 2.5962300 2.0982900
0.085554300 1.0000000 -7.0914400 180.00000 478.80200 -1.3557600 -1.6040300 1.9618200 -1.6993100 -0.0015129600 5.4717800 40409.600 0.0027237000 0.0024224100 0.81097300 478.80600 2.5954600 2.0979000
0.088202500 1.0000000 -7.0911800 180.00000 478.72400 -1.3512200 -1.6009600 1.9611200 -1.6989400 -0.0015632400 5.4725400 40390.600 0.0027178300 0.0023913200 0.81067500 478.72800 2.5946900 2.0975100
0.090850200 1.0000000 -7.0909200 180.00000 478.64500 -1.3465800 -1.5977900 1.9604200 -1.6985700 -0.0016136800 5.4733000 40371.400 0.0027118000 0.0023599600 0.81037500 478.65000 2.5939100 2.0971200
0.093498400 1.0000000 -7.0906500 180.00000 478.56700 -1.3418400 -1.5945400 1.9597200 -1.6982000 -0.0016640900 5.4740400 40352.100 0.0027056100 0.0023284700 0.81007200 478.57200 2.5931400 2.0967200
0.096146100 1.0000000 -7.0903800 180.00000 478.48900 -1.3370100 -1.5911800 1.9590300 -1.6978200 -0.0017141200 5.4747700 40332.700 0.0026992500 0.0022969900 0.80976800 478.49300 2.5923700 2.0963100
0.098794300 1.0000000 -7.0901200 180.00000 478.41000 -1.3320700 -1.5877500 1.9583400 -1.6974400 -0.0017636600 5.4754900 40313.100 0.0026927600 0.0022656000 0.80946200 478.41400 2.5916000 2.0958900
0.10144200 1.0000000 -7.0898600 180.00000 478.33100 -1.3270300 -1.5842300 1.9576500 -1.6970500 -0.0018124200 5.4762000 40293.300 0.0026861200 0.0022344400 0.80915500 478.33600 2.5908300 2.0954800
0.10409000 1.0000000 -7.0895900 180.00000 478.25200 -1.3218800 -1.5806400 1.9569700 -1.6966600 -0.0018602200 5.4769000 40273.500 0.0026793400 0.0022036000 0.80884500 478.25700 2.5900600 2.0950500
0.10673800 1.0000000 -7.0893300 180.00000 478.17300 -1.3166200 -1.5769600 1.9562900 -1.6962700 -0.0019067800 5.4775800 40253.500 0.0026724400 0.0021732300 0.80853500 478.17800 2.5892900 2.0946200
0.10938600 1.0000000 -7.0890600 180.00000 478.09400 -1.3112400 -1.5732200 1.9556200 -1.6958700 -0.0019520800 5.4782500 40233.500 0.0026654300 0.0021433400 0.80822300 478.09800 2.5885200 2.0941800
0.11203400 1.0000000 -7.0887900 180.00000 478.01500 -1.3057400 -1.5694100 1.9549400 -1.6954800 -0.0019959800 5.4789100 40213.300 0.0026582800 0.0021139900 0.80791000 478.01900 2.5877500 2.0937400
0.11468200 1.0000000 -7.0885300 180.00000 477.93500 -1.3001200 -1.5655200 1.9542800 -1.6950800 -0.0020384600 5.4795600 40193.100 0.0026510300 0.0020852100 0.80759500 477.93900 2.5869800 2.0932900
0.11733000 1.0000000 -7.0882700 180.00000 477.85500 -1.2943800 -1.5615700 1.9536100 -1.6946700 -0.0020793600 5.4801900 40172.700 0.0026436500 0.0020570600 0.80727900 477.85900 2.5862100 2.0928300
0.11997800 1.0000000 -7.0880000 180.00000 477.77500 -1.2885100 -1.5575500 1.9529500 -1.6942700 -0.0021184400 5.4808200 40152.300 0.0026361800 0.0020296800 0.80696200 477.77900 2.5854500 2.0923700
0.12262600 1.0000000 -7.0877300 180.00000 477.69500 -1.2825100 -1.5534600 1.9522900 -1.6938600 -0.0021556600 5.4814400 40131.800 0.0026285900 0.0020030600 0.80664400 477.69900 2.5846900 2.0919000
0.12527400 1.0000000 -7.0874800 180.00000 477.61400 -1.2763800 -1.5493200 1.9516400 -1.6934500 -0.0021911800 5.4820500 40111.200 0.0026209000 0.0019771700 0.80632600 477.61800 2.5839300 2.0914200
0.12792200 1.0000000 -7.0872100 180.00000 477.53300 -1.2701100 -1.5451000 1.9509800 -1.6930400 -0.0022249000 5.4826600 40090.500 0.0026131000 0.0019520000 0.80600600 477.53700 2.5831600 2.0909500
0.13057100 1.0000000 -7.0869400 180.00000 477.45100 -1.2637100 -1.5408200 1.9503400 -1.6926400 -0.0022569900 5.4832700 40069.700 0.0026052000 0.0019275200 0.80568600 477.45600 2.5824100 2.0904600
0.13321900 1.0000000 -7.0866800 180.00000 477.37000 -1.2571700 -1.5364700 1.9496900 -1.6922300 -0.0022873300 5.4838800 40048.900 0.0025971700 0.0019037300 0.80536700 477.37400 2.5816500 2.0899800
0.13586700 1.0000000 -7.0864200 180.00000 477.28800 -1.2505000 -1.5320500 1.9490500 -1.6918200 -0.0023159400 5.4844900 40028.000 0.0025890600 0.0018806800 0.80504700 477.29200 2.5809000 2.0895000
0.13851500 1.0000000 -7.0861500 180.00000 477.20500 -1.2436900 -1.5275600 1.9484100 -1.6914100 -0.0023426900 5.4851200 40007.100 0.0025808200 0.0018583800 0.80472700 477.20900 2.5801500 2.0890100
0.14116300 1.0000000 -7.0858800 180.00000 477.12200 -1.2367500 -1.5230100 1.9477800 -1.6910100 -0.0023676300 5.4857600 39986.200 0.0025725000 0.0018368500 0.80440900 477.12600 2.5794100 2.0885300
0.14381100 1.0000000 -7.0856200 180.00000 477.03900 -1.2296700 -1.5183900 1.9471500 -1.6906100 -0.0023906200 5.4864200 39965.200 0.0025640600 0.0018161000 0.80409300 477.04300 2.5786700 2.0880600
0.14645900 1.0000000 -7.0853500 180.00000 476.95600 -1.2224700 -1.5137000 1.9465300 -1.6902100 -0.0024117700 5.4871100 39944.300 0.0025555300 0.0017961600 0.80377800 476.96000 2.5779400 2.0875900
0.14910700 1.0000000 -7.0850900 180.00000 476.87200 -1.2151400 -1.5089500 1.9459000 -1.6898300 -0.0024309200 5.4878200 39923.400 0.0025469100 0.0017770300 0.80346600 476.87600 2.5772200 2.0871200
0.15175500 1.0000000 -7.0848300 180.00000 476.78800 -1.2076900 -1.5041400 1.9452800 -1.6894400 -0.0024481600 5.4885600 39902.500 0.0025382100 0.0017587300 0.80315700 476.79200 2.5765000 2.0866700
0.15440300 1.0000000 -7.0845600 180.00000 476.70400 -1.2001300 -1.4992700 1.9446600 -1.6890700 -0.0024634200 5.4893400 39881.700 0.0025294200 0.0017412600 0.80285200 476.70800 2.5757900 2.0862300
0.15705100 1.0000000 -7.0842900 180.00000 476.61900 -1.1924500 -1.4943500 1.9440500 -1.6887000 -0.0024768100 5.4901500 39860.900 0.0025205600 0.0017245900 0.80255100 476.62300 2.5750900 2.0858000
0.15969900 1.0000000 -7.0840300 180.00000 476.53500 -1.1846600 -1.4893600 1.9434400 -1.6883500 -0.0024882800 5.4910100 39840.300 0.0025116200 0.0017087400 0.80225400 476.53900 2.5743900 2.0853800
0.16234700 1.0000000 -7.0837700 180.00000 476.45000 -1.1767800 -1.4843400 1.9428400 -1.6880000 -0.0024979600 5.4919200 39819.800 0.0025026200 0.0016936700 0.80196300 476.45400 2.5737100 2.0849900
0.16499400 1.0000000 -7.0835000 180.00000 476.36500 -1.1688100 -1.4792600 1.9422300 -1.6876700 -0.0025058800 5.4928700 39799.400 0.0024935700 0.0016793400 0.80167600 476.36900 2.5730300 2.0846100
0.16764200 1.0000000 -7.0832300 180.00000 476.28100 -1.1607600 -1.4741500 1.9416300 -1.6873400 -0.0025121900 5.4938700 39779.200 0.0024844800 0.0016657400 0.80139500 476.28400 2.5723700 2.0842400
0.17029000 1.0000000 -7.0829700 180.00000 476.19600 -1.1526400 -1.4689900 1.9410300 -1.6870300 -0.0025169400 5.4949200 39759.200 0.0024753400 0.0016528000 0.80112000 476.19900 2.5717100 2.0839000
0.17293800 1.0000000 -7.0827100 180.00000 476.11100 -1.1444500 -1.4638100 1.9404400 -1.6867300 -0.0025202300 5.4960300 39739.300 0.0024661700 0.0016405200 0.80085100 476.11500 2.5710600 2.0835800
0.17558500 1.0000000 -7.0824400 180.00000 476.02600 -1.1361900 -1.4585900 1.9398400 -1.6864400 -0.0025221800 5.4971800 39719.600 0.0024569600 0.0016288100 0.80058700 476.03000 2.5704300 2.0832700
0.17823300 1.0000000 -7.0821700 180.00000 475.94100 -1.1278700 -1.4533300 1.9392600 -1.6861600 -0.0025228400 5.4983800 39700.100 0.0024477100 0.0016176600 0.80032800 475.94500 2.5698000 2.0829800
0.18088100 1.0000000 -7.0819200 180.00000 475.85700 -1.1195000 -1.4480300 1.9386700 -1.6859000 -0.0025223500 5.4996200 39680.800 0.0024384100 0.0016069800 0.80007500 475.86000 2.5691800 2.0827100
0.18352900 1.0000000 -7.0816500 180.00000 475.77200 -1.1110700 -1.4427000 1.9380900 -1.6856400 -0.0025207300 5.5009100 39661.600 0.0024290700 0.0015967900 0.79982600 475.77600 2.5685700 2.0824600
0.18617600 1.0000000 -7.0813800 180.00000 475.68700 -1.1025900 -1.4373200 1.9375100 -1.6853900 -0.0025181700 5.5022400 39642.600 0.0024196600 0.0015869500 0.79958200 475.69100 2.5679700 2.0822200
0.18882400 1.0000000 -7.0811200 180.00000 475.60300 -1.0940600 -1.4318900 1.9369300 -1.6851500 -0.0025146600 5.5036100 39623.700 0.0024101900 0.0015774900 0.79934100 475.60600 2.5673800 2.0820000
0.19147200 1.0000000 -7.0808500 180.00000 475.51800 -1.0854600 -1.4264000 1.9363500 -1.6849100 -0.0025102000 5.5050000 39605.000 0.0024006300 0.0015683700 0.79910400 475.52200 2.5667900 2.0817800
0.19412000 1.0000000 -7.0805900 180.00000 475.43400 -1.0768100 -1.4208500 1.9357800 -1.6846800 -0.0025049700 5.5064200 39586.400 0.0023909800 0.0015595200 0.79886800 475.43700 2.5662000 2.0815800
0.19676700 1.0000000 -7.0803200 180.00000 475.34900 -1.0681000 -1.4152300 1.9352100 -1.6844500 -0.0024989700 5.5078600 39567.900 0.0023812100 0.0015508900 0.79863400 475.35300 2.5656200 2.0813900
0.19941600 1.0000000 -7.0800600 180.00000 475.26500 -1.0593200 -1.4095300 1.9346500 -1.6842200 -0.0024922600 5.5093100 39549.500 0.0023713200 0.0015424700 0.79840000 475.26800 2.5650500 2.0811900
0.20206300 1.0000000 -7.0797900 180.00000 475.17900 -1.0504600 -1.4037500 1.9340800 -1.6839900 -0.0024848400 5.5107800 39531.100 0.0023612900 0.0015342300 0.79816600 475.18300 2.5644700 2.0810000
0.20471100 1.0000000 -7.0795300 180.00000 475.09400 -1.0415300 -1.3979100 1.9335300 -1.6837600 -0.0024768200 5.5122400 39512.800 0.0023511600 0.0015261600 0.79793100 475.09700 2.5639000 2.0808000
0.20735900 1.0000000 -7.0792700 180.00000 475.00800 -1.0325200 -1.3919800 1.9329700 -1.6835300 -0.0024682800 5.5137100 39494.600 0.0023409000 0.0015182000 0.79769600 475.01100 2.5633300 2.0806000
0.21000700 1.0000000 -7.0790000 180.00000 474.92100 -1.0234100 -1.3860000 1.9324100 -1.6833100 -0.0024590300 5.5151700 39476.400 0.0023305400 0.0015104800 0.79746000 474.92500 2.5627600 2.0804000
0.21265400 1.0000000 -7.0787300 180.00000 474.83500 -1.0142000 -1.3799500 1.9318600 -1.6830800 -0.0024491100 5.5166200 39458.200 0.0023200800 0.0015029500 0.79722400 474.83800 2.5621900 2.0801800
0.21530300 1.0000000 -7.0784700 180.00000 474.74800 -1.0048900 -1.3738500 1.9313100 -1.6828400 -0.0024382100 5.5180700 39440.000 0.0023095300 0.0014958100 0.79698600 474.75100 2.5616300 2.0799600
0.21795000 1.0000000 -7.0782100 180.00000 474.66100 -0.99545100 -1.3677000 1.9307600 -1.6826100 -0.0024265700 5.5195000 39421.800 0.0022988900 0.0014889000 0.79674900 474.66400 2.5610600 2.0797400
0.22059800 1.0000000 -7.0779400 180.00000 474.57300 -0.98588800 -1.3614900 1.9302200 -1.6823800 -0.0024140500 5.5209200 39403.600 0.0022881700 0.0014823300 0.79651100 474.57600 2.5605000 2.0795100
0.22324600 1.0000000 -7.0776700 180.00000 474.48500 -0.97618300 -1.3552300 1.9296800 -1.6821500 -0.0024009100 5.5223200 39385.400 0.0022773600 0.0014759600 0.79627300 474.48800 2.5599400 2.0792700
0.22589400 1.0000000 -7.0774100 180.00000 474.39700 -0.96633100 -1.3489300 1.9291400 -1.6819200 -0.0023870600 5.5237200 39367.200 0.0022664900 0.0014698600 0.79603500 474.40000 2.5593900 2.0790200
0.22854200 1.0000000 -7.0771500 180.00000 474.30900 -0.95631800 -1.3425800 1.9286000 -1.6817000 -0.0023726400 5.5250900 39348.900 0.0022555400 0.0014639300 0.79579900 474.31200 2.5588300 2.0787600
0.23119000 1.0000000 -7.0768800 180.00000 474.22100 -0.94613700 -1.3361800 1.9280700 -1.6814700 -0.0023574600 5.5264600 39330.600 0.0022445100 0.0014582900 0.79556400 474.22400 2.5582800 2.0785000
0.23383700 1.0000000 -7.0766200 180.00000 474.13200 -0.93577600 -1.3297400 1.9275400 -1.6812500 -0.0023414600 5.5278100 39312.200 0.0022334200 0.0014529600 0.79532900 474.13500 2.5577300 2.0782400
0.23648600 1.0000000 -7.0763500 180.00000 474.04300 -0.92523100 -1.3232800 1.9270100 -1.6810200 -0.0023243900 5.5291500 39293.700 0.0022223200 0.0014481200 0.79509500 474.04600 2.5571900 2.0779600
0.23913300 1.0000000 -7.0760900 180.00000 473.95400 -0.91449100 -1.3168200 1.9264900 -1.6808000 -0.0023061900 5.5304900 39275.100 0.0022112000 0.0014438000 0.79486200 473.95700 2.5566500 2.0776800
0.24178200 1.0000000 -7.0758200 180.00000 473.86500 -0.90355100 -1.3103800 1.9259700 -1.6805800 -0.0022865400 5.5318100 39256.300 0.0022001300 0.0014402300 0.79462900 473.86800 2.5561100 2.0774000
0.24442900 1.0000000 -7.0755600 180.00000 473.77600 -0.89240400 -1.3039600 1.9254400 -1.6803600 -0.0022654500 5.5331200 39237.500 0.0021891000 0.0014373800 0.79439600 473.77900 2.5555700 2.0771100
0.24707700 1.0000000 -7.0752900 180.00000 473.68600 -0.88104600 -1.2975900 1.9249300 -1.6801400 -0.0022429000 5.5344200 39218.500 0.0021781600 0.0014353500 0.79416400 473.68900 2.5550400 2.0768100
0.24972500 1.0000000 -7.0750300 180.00000 473.59600 -0.86947200 -1.2912800 1.9244200 -1.6799200 -0.0022180200 5.5357200 39199.500 0.0021673200 0.0014345100 0.79393100 473.59900 2.5545100 2.0765100
0.25237300 1.0000000 -7.0747600 180.00000 473.50600 -0.85768100 -1.2850300 1.9239100 -1.6797000 -0.0021911000 5.5370100 39180.200 0.0021565900 0.0014347900 0.79369900 473.50900 2.5539800 2.0762000
0.25502100 1.0000000 -7.0745000 180.00000 473.41600 -0.84566700 -1.2788600 1.9234000 -1.6794800 -0.0021625500 5.5382900 39160.900 0.0021459900 0.0014359700 0.79346600 473.41800 2.5534500 2.0758900
0.25766900 1.0000000 -7.0742300 180.00000 473.32500 -0.83343500 -1.2727800 1.9229000 -1.6792600 -0.0021327000 5.5395700 39141.500 0.0021355500 0.0014379700 0.79323200 473.32800 2.5529300 2.0755700
0.26031700 1.0000000 -7.0739700 180.00000 473.23400 -0.82097900 -1.2668000 1.9224000 -1.6790400 -0.0021020200 5.5408400 39121.900 0.0021252800 0.0014405500 0.79299900 473.23700 2.5524100 2.0752500
0.26296500 1.0000000 -7.0737100 180.00000 473.14300 -0.80830500 -1.2609200 1.9219000 -1.6788100 -0.0020709200 5.5421200 39102.300 0.0021151700 0.0014435300 0.79276500 473.14500 2.5518900 2.0749200
0.26561300 1.0000000 -7.0734400 180.00000 473.05100 -0.79541200 -1.2551300 1.9214100 -1.6785900 -0.0020399800 5.5434000 39082.600 0.0021052200 0.0014466000 0.79253000 473.05300 2.5513700 2.0746000
0.26826100 1.0000000 -7.0731700 180.00000 472.95900 -0.78230300 -1.2494200 1.9209200 -1.6783700 -0.0020093900 5.5446800 39062.800 0.0020954200 0.0014496800 0.79229600 472.96100 2.5508600 2.0742700
0.27090900 1.0000000 -7.0729100 180.00000 472.86600 -0.76898200 -1.2438000 1.9204300 -1.6781500 -0.0019796800 5.5459700 39042.900 0.0020857500 0.0014525100 0.79206100 472.86800 2.5503400 2.0739400
0.27355800 1.0000000 -7.0726500 180.00000 472.77300 -0.75545700 -1.2382600 1.9199600 -1.6779200 -0.0019510200 5.5472800 39022.900 0.0020762300 0.0014550100 0.79182600 472.77500 2.5498300 2.0736100
0.27620500 1.0000000 -7.0723800 180.00000 472.67900 -0.74173200 -1.2328000 1.9194800 -1.6777000 -0.0019239400 5.5485900 39002.900 0.0020668400 0.0014569200 0.79159200 472.68200 2.5493300 2.0732800
0.27885400 1.0000000 -7.0721100 180.00000 472.58500 -0.72781400 -1.2274200 1.9190000 -1.6774800 -0.0018988900 5.5499300 38982.900 0.0020576000 0.0014580400 0.79135800 472.58800 2.5488300 2.0729500
0.28150200 1.0000000 -7.0718500 180.00000 472.49100 -0.71371000 -1.2221200 1.9185300 -1.6772700 -0.0018760300 5.5512800 38962.800 0.0020484800 0.0014582600 0.79112400 472.49300 2.5483300 2.0726300
0.28415000 1.0000000 -7.0715900 180.00000 472.39600 -0.69942600 -1.2168900 1.9180700 -1.6770500 -0.0018553100 5.5526700 38942.700 0.0020394900 0.0014576400 0.79089100 472.39800 2.5478400 2.0723100
0.28679800 1.0000000 -7.0713200 180.00000 472.30000 -0.68497200 -1.2117400 1.9176000 -1.6768400 -0.0018368500 5.5540800 38922.500 0.0020306400 0.0014560900 0.79066000 472.30200 2.5473500 2.0720000
0.28944600 1.0000000 -7.0710600 180.00000 472.20400 -0.67035700 -1.2066700 1.9171500 -1.6766400 -0.0018204200 5.5555300 38902.400 0.0020219200 0.0014537500 0.79043000 472.20700 2.5468800 2.0717000
0.29209400 1.0000000 -7.0707900 180.00000 472.10800 -0.65558700 -1.2016600 1.9166900 -1.6764300 -0.0018062100 5.5570100 38882.300 0.0020133300 0.0014505000 0.79020100 472.11000 2.5464000 2.0714100
0.29474300 1.0000000 -7.0705200 180.00000 472.01100 -0.64067500 -1.1967400 1.9162500 -1.6762400 -0.0017941200 5.5585400 38862.200 0.0020048700 0.0014464100 0.78997500 472.01300 2.5459300 2.0711300
0.29739000 1.0000000 -7.0702600 180.00000 471.91400 -0.62562600 -1.1918800 1.9158000 -1.6760500 -0.0017842600 5.5601100 38842.100 0.0019965400 0.0014414000 0.78975100 471.91600 2.5454700 2.0708600
0.30003900 1.0000000 -7.0700000 180.00000 471.81600 -0.61045200 -1.1871200 1.9153600 -1.6758600 -0.0017765500 5.5617300 38822.100 0.0019883600 0.0014355500 0.78953100 471.81800 2.5450200 2.0706000
0.30268600 1.0000000 -7.0697300 180.00000 471.71900 -0.59516000 -1.1824200 1.9149200 -1.6756900 -0.0017711600 5.5634000 38802.200 0.0019803100 0.0014287600 0.78931300 471.72000 2.5445800 2.0703700
0.30533500 1.0000000 -7.0694600 180.00000 471.62000 -0.57976100 -1.1778000 1.9145000 -1.6755200 -0.0017681000 5.5651300 38782.400 0.0019724000 0.0014210100 0.78909900 471.62200 2.5441400 2.0701500
0.30798200 1.0000000 -7.0692000 180.00000 471.52200 -0.56426300 -1.1732300 1.9140700 -1.6753600 -0.0017675200 5.5669100 38762.600 0.0019645800 0.0014122100 0.78888900 471.52400 2.5437100 2.0699500
0.31063000 1.0000000 -7.0689400 180.00000 471.42400 -0.54867200 -1.1687100 1.9136500 -1.6752100 -0.0017699500 5.5687500 38742.900 0.0019568600 0.0014021100 0.78868300 471.42500 2.5433000 2.0697600
0.31327800 1.0000000 -7.0686700 180.00000 471.32500 -0.53299900 -1.1642300 1.9132300 -1.6750700 -0.0017753600 5.5706400 38723.400 0.0019492200 0.0013906700 0.78848100 471.32700 2.5428900 2.0696000
0.31592600 1.0000000 -7.0684100 180.00000 471.22600 -0.51725200 -1.1597900 1.9128200 -1.6749400 -0.0017836000 5.5725900 38703.900 0.0019416500 0.0013779900 0.78828500 471.22800 2.5425000 2.0694600
0.31857300 1.0000000 -7.0681500 180.00000 471.12700 -0.50144100 -1.1553600 1.9124100 -1.6748200 -0.0017944900 5.5746000 38684.600 0.0019341200 0.0013641000 0.78809300 471.12900 2.5421100 2.0693300
0.32122100 1.0000000 -7.0678800 180.00000 471.02900 -0.48557400 -1.1509600 1.9120100 -1.6747100 -0.0018078300 5.5766600 38665.400 0.0019266400 0.0013491100 0.78790600 471.03000 2.5417400 2.0692300
0.32386900 1.0000000 -7.0676100 180.00000 470.93000 -0.46965900 -1.1465600 1.9116100 -1.6746000 -0.0018236600 5.5787700 38646.300 0.0019191800 0.0013329700 0.78772400 470.93200 2.5413700 2.0691500
0.32651700 1.0000000 -7.0673500 180.00000 470.83200 -0.45370200 -1.1421800 1.9112200 -1.6745100 -0.0018417300 5.5809200 38627.400 0.0019117500 0.0013158100 0.78754500 470.83300 2.5410200 2.0690800
0.32916400 1.0000000 -7.0670900 180.00000 470.73300 -0.43770900 -1.1377900 1.9108400 -1.6744200 -0.0018615000 5.5831200 38608.500 0.0019043300 0.0012978600 0.78737000 470.73400 2.5406700 2.0690300
0.33181200 1.0000000 -7.0668200 180.00000 470.63400 -0.42168700 -1.1333900 1.9104600 -1.6743500 -0.0018825400 5.5853500 38589.800 0.0018969000 0.0012793100 0.78719800 470.63500 2.5403300 2.0689800
0.33446000 1.0000000 -7.0665500 180.00000 470.53400 -0.40563900 -1.1289800 1.9100800 -1.6742700 -0.0019043500 5.5876200 38571.100 0.0018894500 0.0012603900 0.78702800 470.53600 2.5400000 2.0689500
0.33710800 1.0000000 -7.0662900 180.00000 470.43500 -0.38956900 -1.1245700 1.9097100 -1.6742100 -0.0019265900 5.5899100 38552.400 0.0018820100 0.0012412700 0.78686100 470.43600 2.5396800 2.0689200
0.33975500 1.0000000 -7.0660200 180.00000 470.33400 -0.37348100 -1.1201300 1.9093500 -1.6741500 -0.0019486700 5.5922200 38533.800 0.0018745400 0.0012222000 0.78669600 470.33600 2.5393700 2.0688900
0.34240300 1.0000000 -7.0657600 180.00000 470.23400 -0.35737800 -1.1157000 1.9090000 -1.6740900 -0.0019697900 5.5945400 38515.200 0.0018670800 0.0012036000 0.78653300 470.23600 2.5390600 2.0688700
0.34505100 1.0000000 -7.0655000 180.00000 470.13400 -0.34126100 -1.1112500 1.9086400 -1.6740400 -0.0019897600 5.5968800 38496.600 0.0018596000 0.0011855200 0.78637200 470.13500 2.5387700 2.0688500
0.34769900 1.0000000 -7.0652300 180.00000 470.03300 -0.32513200 -1.1068000 1.9083000 -1.6740000 -0.0020084100 5.5992200 38478.100 0.0018521300 0.0011680900 0.78621400 470.03400 2.5384800 2.0688300
0.35034700 1.0000000 -7.0649600 180.00000 469.93200 -0.30899000 -1.1023400 1.9079600 -1.6739600 -0.0020256200 5.6015600 38459.500 0.0018446500 0.0011513200 0.78605800 469.93400 2.5382000 2.0688100
0.35299500 1.0000000 -7.0647000 180.00000 469.83200 -0.29283900 -1.0978900 1.9076400 -1.6739200 -0.0020411700 5.6039100 38440.900 0.0018371800 0.0011353600 0.78590400 469.83300 2.5379300 2.0687900
0.35564200 1.0000000 -7.0644400 180.00000 469.73100 -0.27667700 -1.0934200 1.9073100 -1.6738900 -0.0020546300 5.6062500 38422.400 0.0018297100 0.0011203700 0.78575100 469.73200 2.5376700 2.0687600
0.35829000 1.0000000 -7.0641700 180.00000 469.63000 -0.26050800 -1.0889700 1.9070000 -1.6738700 -0.0020660600 5.6086000 38403.800 0.0018222500 0.0011063700 0.78560100 469.63100 2.5374200 2.0687400
0.36093800 1.0000000 -7.0639000 180.00000 469.52800 -0.24433000 -1.0845000 1.9066900 -1.6738500 -0.0020755400 5.6109400 38385.100 0.0018147900 0.0010932900 0.78545300 469.53000 2.5371700 2.0687100
0.36358600 1.0000000 -7.0636400 180.00000 469.42700 -0.22814300 -1.0800400 1.9063900 -1.6738300 -0.0020830900 5.6132700 38366.500 0.0018073300 0.0010811300 0.78530600 469.42800 2.5369400 2.0686700
0.36623400 1.0000000 -7.0633800 180.00000 469.32600 -0.21194800 -1.0755800 1.9061000 -1.6738200 -0.0020888300 5.6155900 38347.800 0.0017998800 0.0010698100 0.78516200 469.32700 2.5367100 2.0686400
0.36888200 1.0000000 -7.0631100 180.00000 469.22400 -0.19574700 -1.0711100 1.9058200 -1.6738100 -0.0020926000 5.6179000 38329.000 0.0017924300 0.0010594500 0.78501800 469.22600 2.5364900 2.0686000
0.37152900 1.0000000 -7.0628500 180.00000 469.12300 -0.17953700 -1.0666500 1.9055400 -1.6738000 -0.0020947700 5.6202100 38310.200 0.0017849800 0.0010498400 0.78487600 469.12400 2.5362800 2.0685500
0.37417700 1.0000000 -7.0625800 180.00000 469.02200 -0.16332100 -1.0621900 1.9052800 -1.6737900 -0.0020952300 5.6225000 38291.300 0.0017775400 0.0010410500 0.78473500 469.02300 2.5360800 2.0685000
0.37682500 1.0000000 -7.0623200 180.00000 468.92000 -0.14709400 -1.0577300 1.9050200 -1.6737900 -0.0020943000 5.6247900 38272.400 0.0017701100 0.0010329300 0.78459500 468.92100 2.5358800 2.0684500
0.37947300 1.0000000 -7.0620500 180.00000 468.81900 -0.13085900 -1.0532800 1.9047700 -1.6737900 -0.0020919100 5.6270600 38253.500 0.0017627000 0.0010255300 0.78445600 468.82000 2.5356900 2.0683900
0.38212100 1.0000000 -7.0617900 180.00000 468.71700 -0.11461000 -1.0488400 1.9045200 -1.6737900 -0.0020882900 5.6293300 38234.500 0.0017553100 0.0010187300 0.78431800 468.71800 2.5355100 2.0683200
0.38476900 1.0000000 -7.0615200 180.00000 468.61500 -0.098352100 -1.0444200 1.9042900 -1.6738000 -0.0020835000 5.6315800 38215.400 0.0017479500 0.0010125300 0.78418000 468.61700 2.5353400 2.0682500
0.38741700 1.0000000 -7.0612600 180.00000 468.51400 -0.082076600 -1.0400100 1.9040600 -1.6738000 -0.0020775400 5.6338200 38196.400 0.0017406100 0.0010069000 0.78404400 468.51500 2.5351700 2.0681800
0.39006500 1.0000000 -7.0609900 180.00000 468.41200 -0.065787300 -1.0356300 1.9038500 -1.6738100 -0.0020702700 5.6360600 38177.200 0.0017333100 0.0010019400 0.78390800 468.41300 2.5350100 2.0681000
0.39271300 1.0000000 -7.0607300 180.00000 468.31000 -0.049476200 -1.0312600 1.9036400 -1.6738200 -0.0020616600 5.6382800 38158.100 0.0017260500 0.00099765300 0.78377300 468.31100 2.5348600 2.0680200
0.39536100 1.0000000 -7.0604600 180.00000 468.20900 -0.033146500 -1.0269300 1.9034400 -1.6738300 -0.0020514200 5.6405000 38138.900 0.0017188400 0.00099420100 0.78363900 468.21000 2.5347200 2.0679300
0.39800800 1.0000000 -7.0602000 180.00000 468.10700 -0.016789700 -1.0226200 1.9032400 -1.6738400 -0.0020395300 5.6427000 38119.700 0.0017116700 0.00099157300 0.78350500 468.10800 2.5345800 2.0678400
0.40065700 1.0000000 -7.0599400 180.00000 468.00500 -0.00040936000 -1.0183500 1.9030600 -1.6738600 -0.0020258000 5.6449000 38100.400 0.0017045700 0.00098989400 0.78337300 468.00600 2.5344500 2.0677500
0.40330400 1.0000000 -7.0596700 180.00000 467.90300 0.016003900 -1.0141100 1.9028700 -1.6738700 -0.0020101600 5.6471000 38081.200 0.0016975300 0.00098917100 0.78324100 467.90400 2.5343200 2.0676500
0.40595300 1.0000000 -7.0594000 180.00000 467.80200 0.032447200 -1.0099200 1.9027100 -1.6738900 -0.0019921500 5.6492900 38061.900 0.0016905700 0.00098966000 0.78311000 467.80300 2.5342100 2.0675500
0.40860000 1.0000000 -7.0591400 180.00000 467.70000 0.048927300 -1.0057800 1.9025400 -1.6739100 -0.0019714900 5.6514700 38042.600 0.0016836800 0.00099146600 0.78298100 467.70100 2.5341000 2.0674500
0.41124900 1.0000000 -7.0588800 180.00000 467.59800 0.065444400 -1.0016900 1.9023900 -1.6739300 -0.0019483600 5.6536500 38023.300 0.0016768800 0.00099454600 0.78285200 467.59900 2.5340000 2.0673500
0.41389600 1.0000000 -7.0586100 180.00000 467.49600 0.082003000 -0.99764700 1.9022300 -1.6739600 -0.0019230500 5.6558400 38004.000 0.0016701800 0.00099874000 0.78272500 467.49700 2.5339000 2.0672500
0.41654500 1.0000000 -7.0583400 180.00000 467.39500 0.098604000 -0.99367200 1.9021000 -1.6739800 -0.0018955800 5.6580200 37984.800 0.0016635800 0.0010040700 0.78259900 467.39600 2.5338100 2.0671500
0.41919300 1.0000000 -7.0580800 180.00000 467.29300 0.11525200 -0.98975600 1.9019600 -1.6740100 -0.0018664400 5.6602000 37965.500 0.0016570800 0.0010103000 0.78247300 467.29400 2.5337300 2.0670400
0.42184100 1.0000000 -7.0578200 180.00000 467.19100 0.13193900 -0.98591300 1.9018400 -1.6740400 -0.0018358100 5.6623800 37946.200 0.0016507000 0.0010173700 0.78234900 467.19200 2.5336500 2.0669400
0.42448900 1.0000000 -7.0575500 180.00000 467.08900 0.14867700 -0.98213700 1.9017100 -1.6740800 -0.0018041900 5.6645700 37926.900 0.0016444400 0.0010250200 0.78222500 467.09000 2.5335800 2.0668300
0.42713700 1.0000000 -7.0572900 180.00000 466.98700 0.16546400 -0.97843900 1.9016000 -1.6741100 -0.0017716400 5.6667600 37907.700 0.0016383100 0.0010332700 0.78210300 466.98800 2.5335300 2.0667300
0.42978500 1.0000000 -7.0570200 180.00000 466.88400 0.18230800 -0.97481400 1.9015000 -1.6741500 -0.0017385000 5.6689700 37888.400 0.0016323000 0.0010419300 0.78198200 466.88500 2.5334700 2.0666300
0.43243300 1.0000000 -7.0567600 180.00000 466.78200 0.19920600 -0.97127000 1.9014100 -1.6741900 -0.0017048700 5.6711800 37869.200 0.0016264300 0.0010509800 0.78186200 466.78300 2.5334300 2.0665300
0.43508100 1.0000000 -7.0564900 180.00000 466.67900 0.21616400 -0.96780100 1.9013100 -1.6742400 -0.0016709900 5.6734000 37850.000 0.0016206900 0.0010602800 0.78174300 466.68000 2.5333900 2.0664300
0.43773000 1.0000000 -7.0562300 180.00000 466.57700 0.23317800 -0.96441600 1.9012400 -1.6742900 -0.0016373500 5.6756400 37830.700 0.0016150900 0.0010696400 0.78162600 466.57800 2.5333700 2.0663300
0.44037700 1.0000000 -7.0559600 180.00000 466.47300 0.25025700 -0.96110800 1.9011600 -1.6743400 -0.0016041200 5.6778900 37811.500 0.0016096200 0.0010789400 0.78151100 466.47400 2.5333400 2.0662400
0.44302600 1.0000000 -7.0556900 180.00000 466.37000 0.26739800 -0.95788200 1.9011000 -1.6744000 -0.0015711000 5.6801700 37792.400 0.0016043000 0.0010883200 0.78139700 466.37100 2.5333400 2.0661500
0.44567400 1.0000000 -7.0554300 180.00000 466.26600 0.28460800 -0.95473200 1.9010400 -1.6744600 -0.0015385200 5.6824700 37773.200 0.0015991000 0.0010976200 0.78128500 466.26700 2.5333400 2.0660700
0.44832200 1.0000000 -7.0551700 180.00000 466.16200 0.30188500 -0.95166400 1.9010000 -1.6745300 -0.0015060300 5.6848100 37754.100 0.0015940400 0.0011070600 0.78117600 466.16400 2.5333500 2.0660000
0.45097000 1.0000000 -7.0549000 180.00000 466.05800 0.31923300 -0.94866900 1.9009600 -1.6746100 -0.0014739100 5.6871700 37735.100 0.0015891200 0.0011164500 0.78107000 466.05900 2.5333700 2.0659300
0.45361800 1.0000000 -7.0546400 180.00000 465.95400 0.33665000 -0.94575200 1.9009300 -1.6746900 -0.0014418600 5.6895800 37716.100 0.0015843300 0.0011259700 0.78096700 465.95500 2.5334000 2.0658800
0.45626600 1.0000000 -7.0543800 180.00000 465.84900 0.35414000 -0.94290600 1.9009100 -1.6747800 -0.0014100800 5.6920300 37697.200 0.0015796600 0.0011354900 0.78086800 465.85000 2.5334500 2.0658400
0.45891400 1.0000000 -7.0541100 180.00000 465.74300 0.37170200 -0.94013500 1.9009000 -1.6748800 -0.0013783500 5.6945200 37678.400 0.0015751300 0.0011451500 0.78077300 465.74500 2.5335100 2.0658100
0.46156100 1.0000000 -7.0538400 180.00000 465.63800 0.38933700 -0.93742900 1.9008900 -1.6750000 -0.0013468600 5.6970700 37659.700 0.0015707200 0.0011548000 0.78068200 465.63900 2.5335800 2.0658000
0.46421000 1.0000000 -7.0535800 180.00000 465.53200 0.40704100 -0.93479400 1.9009000 -1.6751200 -0.0013155300 5.6996800 37641.100 0.0015664300 0.0011645300 0.78059600 465.53300 2.5336700 2.0658100
0.46685700 1.0000000 -7.0533200 180.00000 465.42600 0.42481500 -0.93221900 1.9009100 -1.6752600 -0.0012845700 5.7023500 37622.700 0.0015622500 0.0011741900 0.78051600 465.42700 2.5337600 2.0658300
0.46950500 1.0000000 -7.0530500 180.00000 465.32000 0.44266500 -0.92970700 1.9009400 -1.6754100 -0.0012539500 5.7050900 37604.400 0.0015581900 0.0011838300 0.78044200 465.32100 2.5338800 2.0658800
0.47215200 1.0000000 -7.0527800 180.00000 465.21300 0.46058300 -0.92725400 1.9009700 -1.6755700 -0.0012237600 5.7079000 37586.300 0.0015542400 0.0011933700 0.78037300 465.21400 2.5340100 2.0659500
0.47480000 1.0000000 -7.0525200 180.00000 465.10600 0.47855300 -0.92486100 1.9010100 -1.6757500 -0.0011940200 5.7107900 37568.400 0.0015504100 0.0012028200 0.78031200 465.10700 2.5341700 2.0660400
0.47744800 1.0000000 -7.0522600 180.00000 464.99900 0.49656700 -0.92251500 1.9010600 -1.6759500 -0.0011648500 5.7137500 37550.700 0.0015466600 0.0012121000 0.78025600 465.00000 2.5343300 2.0661600
0.48009600 1.0000000 -7.0519900 180.00000 464.89100 0.51461200 -0.92021800 1.9011200 -1.6761500 -0.0011362200 5.7167900 37533.200 0.0015430100 0.0012212300 0.78020800 464.89200 2.5345100 2.0663100
0.48274400 1.0000000 -7.0517300 180.00000 464.78400 0.53267900 -0.91795900 1.9011800 -1.6763800 -0.0011082100 5.7199200 37516.000 0.0015394400 0.0012301300 0.78016600 464.78500 2.5347100 2.0664800
0.48539200 1.0000000 -7.0514600 180.00000 464.67600 0.55075400 -0.91574000 1.9012600 -1.6766200 -0.0010808100 5.7231400 37499.000 0.0015359400 0.0012388400 0.78013200 464.67700 2.5349300 2.0666800
0.48803900 1.0000000 -7.0511900 180.00000 464.56800 0.56883400 -0.91354900 1.9013400 -1.6768800 -0.0010541600 5.7264300 37482.200 0.0015325100 0.0012472400 0.78010500 464.56900 2.5351600 2.0669100
0.49068700 1.0000000 -7.0509300 180.00000 464.46000 0.58690700 -0.91138900 1.9014400 -1.6771500 -0.0010280700 5.7298200 37465.700 0.0015291400 0.0012554600 0.78008400 464.46100 2.5354100 2.0671700
0.49333500 1.0000000 -7.0506700 180.00000 464.35100 0.60497300 -0.90925100 1.9015400 -1.6774400 -0.0010026100 5.7332900 37449.500 0.0015258200 0.0012634100 0.78007000 464.35200 2.5356800 2.0674600
0.49598300 1.0000000 -7.0504000 180.00000 464.24300 0.62302200 -0.90713900 1.9016600 -1.6777400 -0.00097759100 5.7368400 37433.600 0.0015225500 0.0012712300 0.78006400 464.24400 2.5359600 2.0677700
0.49863000 1.0000000 -7.0501300 180.00000 464.13400 0.64104300 -0.90504500 1.9017700 -1.6780600 -0.00095302600 5.7404700 37417.900 0.0015193300 0.0012788600 0.78006300 464.13600 2.5362600 2.0681100
0.50127800 1.0000000 -7.0498700 180.00000 464.02600 0.65903200 -0.90297000 1.9019000 -1.6783900 -0.00092874000 5.7441800 37402.500 0.0015161500 0.0012864000 0.78006900 464.02700 2.5365800 2.0684800
0.50392600 1.0000000 -7.0496100 180.00000 463.91700 0.67699500 -0.90090800 1.9020400 -1.6787400 -0.00090468700 5.7479600 37387.300 0.0015130000 0.0012938600 0.78008200 463.91800 2.5369100 2.0688800
0.50657400 1.0000000 -7.0493400 180.00000 463.80800 0.69492500 -0.89886400 1.9021900 -1.6791000 -0.00088057400 5.7518200 37372.400 0.0015098900 0.0013013900 0.78010000 463.80900 2.5372600 2.0692900
0.50922100 1.0000000 -7.0490800 180.00000 463.69900 0.71283000 -0.89682700 1.9023400 -1.6794700 -0.00085643300 5.7557400 37357.800 0.0015068000 0.0013089400 0.78012400 463.70100 2.5376200 2.0697300
0.51187000 1.0000000 -7.0488200 180.00000 463.59000 0.73070200 -0.89480600 1.9025000 -1.6798500 -0.00083201200 5.7597200 37343.400 0.0015037500 0.0013166600 0.78015300 463.59200 2.5380000 2.0701900
0.51451700 1.0000000 -7.0485500 180.00000 463.48200 0.74854900 -0.89279200 1.9026700 -1.6802500 -0.00080729600 5.7637600 37329.300 0.0015007100 0.0013245200 0.78018700 463.48300 2.5383800 2.0706700
0.51716500 1.0000000 -7.0482800 180.00000 463.37300 0.76636400 -0.89079400 1.9028600 -1.6806500 -0.00078208400 5.7678500 37315.400 0.0014977100 0.0013326600 0.78022500 463.37400 2.5387900 2.0711700
0.51981300 1.0000000 -7.0480200 180.00000 463.26400 0.78415300 -0.88880100 1.9030500 -1.6810700 -0.00075628900 5.7719800 37301.700 0.0014947200 0.0013410700 0.78026900 463.26500 2.5392000 2.0716800
0.52246100 1.0000000 -7.0477500 180.00000 463.15500 0.80191100 -0.88681900 1.9032500 -1.6814900 -0.00072969600 5.7761600 37288.200 0.0014917600 0.0013498800 0.78031600 463.15600 2.5396400 2.0722000
0.52510900 1.0000000 -7.0474900 180.00000 463.04600 0.81964400 -0.88484400 1.9034600 -1.6819200 -0.00070232200 5.7803600 37274.900 0.0014888100 0.0013590500 0.78036700 463.04700 2.5400800 2.0727300
0.52775700 1.0000000 -7.0472200 180.00000 462.93700 0.83734800 -0.88288600 1.9036800 -1.6823600 -0.00067399200 5.7846000 37261.700 0.0014859000 0.0013687200 0.78042100 462.93900 2.5405400 2.0732800
0.53040400 1.0000000 -7.0469600 180.00000 462.82800 0.85503000 -0.88094000 1.9039100 -1.6828100 -0.00064475900 5.7888600 37248.800 0.0014830100 0.0013788100 0.78047900 462.83000 2.5410000 2.0738300
0.53305300 1.0000000 -7.0466900 180.00000 462.71900 0.87268200 -0.87901700 1.9041500 -1.6832600 -0.00061420800 5.7931300 37235.900 0.0014801500 0.0013895800 0.78054000 462.72100 2.5414900 2.0743800
0.53570000 1.0000000 -7.0464300 180.00000 462.61000 0.89031500 -0.87711300 1.9044000 -1.6837200 -0.00058253400 5.7974200 37223.100 0.0014773300 0.0014008800 0.78060400 462.61200 2.5419800 2.0749400
0.53834800 1.0000000 -7.0461700 180.00000 462.50200 0.90792100 -0.87523600 1.9046600 -1.6841900 -0.00054971800 5.8017200 37210.400 0.0014745600 0.0014127800 0.78067000 462.50300 2.5424900 2.0755100
0.54099600 1.0000000 -7.0459000 180.00000 462.39300 0.92551000 -0.87338800 1.9049300 -1.6846600 -0.00051600600 5.8060200 37197.700 0.0014718400 0.0014251500 0.78074000 462.39500 2.5430000 2.0760700
0.54364400 1.0000000 -7.0456300 180.00000 462.28400 0.94307500 -0.87157800 1.9052200 -1.6851400 -0.00048143800 5.8103300 37185.000 0.0014691900 0.0014379900 0.78081100 462.28600 2.5435300 2.0766300
0.54629200 1.0000000 -7.0453700 180.00000 462.17500 0.96062700 -0.86980600 1.9055100 -1.6856300 -0.00044626200 5.8146300 37172.300 0.0014666000 0.0014511700 0.78088500 462.17700 2.5440700 2.0771900
0.54894000 1.0000000 -7.0451100 180.00000 462.06700 0.97816000 -0.86808100 1.9058200 -1.6861200 -0.00041064400 5.8189400 37159.700 0.0014640900 0.0014646600 0.78096200 462.06900 2.5446300 2.0777500
0.55158800 1.0000000 -7.0448400 180.00000 461.95800 0.99568300 -0.86640400 1.9061300 -1.6866100 -0.00037485400 5.8232300 37147.000 0.0014616600 0.0014783100 0.78104200 461.96000 2.5451900 2.0783100
0.55423600 1.0000000 -7.0445700 180.00000 461.85000 1.0131900 -0.86478600 1.9064700 -1.6871100 -0.00033896000 5.8275300 37134.300 0.0014593300 0.0014921400 0.78112400 461.85200 2.5457700 2.0788700
0.55688400 1.0000000 -7.0443100 180.00000 461.74200 1.0306900 -0.86322300 1.9068100 -1.6876200 -0.00030314500 5.8318200 37121.600 0.0014571000 0.0015060200 0.78120900 461.74400 2.5463600 2.0794300
0.55953200 1.0000000 -7.0440500 180.00000 461.63400 1.0481800 -0.86172700 1.9071700 -1.6881300 -0.00026750100 5.8361000 37108.900 0.0014549900 0.0015199700 0.78129700 461.63600 2.5469700 2.0799800
0.56218000 1.0000000 -7.0437800 180.00000 461.52600 1.0656800 -0.86029300 1.9075300 -1.6886500 -0.00023218000 5.8403800 37096.100 0.0014529800 0.0015338800 0.78138800 461.52800 2.5475900 2.0805300
0.56482800 1.0000000 -7.0435200 180.00000 461.41800 1.0831600 -0.85893000 1.9079200 -1.6891800 -0.00019734800 5.8446600 37083.300 0.0014511000 0.0015477100 0.78148300 461.42000 2.5482300 2.0810800
0.56747600 1.0000000 -7.0432500 180.00000 461.31100 1.1006500 -0.85763500 1.9083100 -1.6897100 -0.00016324900 5.8489300 37070.500 0.0014493300 0.0015613200 0.78158100 461.31300 2.5488700 2.0816400
0.57012400 1.0000000 -7.0429900 180.00000 461.20300 1.1181400 -0.85641700 1.9087200 -1.6902500 -0.00012996100 5.8532100 37057.700 0.0014477000 0.0015747200 0.78168300 461.20600 2.5495400 2.0821900
0.57277200 1.0000000 -7.0427200 180.00000 461.09600 1.1356400 -0.85526900 1.9091400 -1.6908000 -9.7540400e-05 5.8574800 37044.900 0.0014462000 0.0015878500 0.78179000 461.09900 2.5502200 2.0827500
0.57542100 1.0000000 -7.0424600 180.00000 460.99000 1.1531500 -0.85419900 1.9095800 -1.6913600 -6.6056900e-05 5.8617600 37032.100 0.0014448300 0.0016007100 0.78190000 460.99200 2.5509200 2.0833000
0.57806800 1.0000000 -7.0421900 180.00000 460.88400 1.1706700 -0.85320200 1.9100300 -1.6919200 -3.5648100e-05 5.8660400 37019.200 0.0014435900 0.0016132100 0.78201400 460.88600 2.5516300 2.0838700
0.58071700 1.0000000 -7.0419300 180.00000 460.77800 1.1881900 -0.85228500 1.9105000 -1.6924900 -6.3468800e-06 5.8703300 37006.400 0.0014424900 0.0016253600 0.78213200 460.78000 2.5523600 2.0844300
0.58336500 1.0000000 -7.0416700 180.00000 460.67200 1.2057300 -0.85143900 1.9109700 -1.6930700 2.1630200e-05 5.8746300 36993.500 0.0014415200 0.0016370400 0.78225500 460.67400 2.5531000 2.0850000
0.58601300 1.0000000 -7.0414000 180.00000 460.56700 1.2232800 -0.85067300 1.9114700 -1.6936600 4.8267700e-05 5.8789400 36980.600 0.0014406900 0.0016482700 0.78238200 460.56900 2.5538600 2.0855800
0.58866100 1.0000000 -7.0411300 180.00000 460.46200 1.2408300 -0.84997900 1.9119700 -1.6942600 7.3294300e-05 5.8832600 36967.700 0.0014399900 0.0016588800 0.78251400 460.46400 2.5546300 2.0861600
0.59130900 1.0000000 -7.0408700 180.00000 460.35700 1.2583900 -0.84936100 1.9125000 -1.6948600 9.6628100e-05 5.8875900 36954.800 0.0014394300 0.0016688900 0.78264900 460.36000 2.5554300 2.0867500
0.59395700 1.0000000 -7.0406100 180.00000 460.25300 1.2759600 -0.84881300 1.9130300 -1.6954800 0.00011802000 5.8919400 36941.800 0.0014389900 0.0016781200 0.78278900 460.25500 2.5562300 2.0873400
0.59660600 1.0000000 -7.0403400 180.00000 460.14900 1.2935200 -0.84833800 1.9135900 -1.6961000 0.00013742600 5.8963100 36928.900 0.0014386900 0.0016866100 0.78293400 460.15200 2.5570700 2.0879500
0.59925400 1.0000000 -7.0400700 180.00000 460.04600 1.3110800 -0.84792900 1.9141500 -1.6967300 0.00015457900 5.9007000 36915.900 0.0014385000 0.0016941800 0.78308200 460.04800 2.5579000 2.0885600
0.60190200 1.0000000 -7.0398100 180.00000 459.94300 1.3286200 -0.84759100 1.9147400 -1.6973700 0.00016950400 5.9051000 36902.900 0.0014384500 0.0017008800 0.78323500 459.94500 2.5587600 2.0891900
0.60455000 1.0000000 -7.0395500 180.00000 459.84000 1.3461600 -0.84731400 1.9153300 -1.6980100 0.00018184900 5.9095300 36889.800 0.0014385000 0.0017065100 0.78339100 459.84300 2.5596300 2.0898200
0.60719800 1.0000000 -7.0392800 180.00000 459.73700 1.3636600 -0.84710600 1.9159500 -1.6986600 0.00019161300 5.9139700 36876.800 0.0014386900 0.0017111000 0.78355200 459.74000 2.5605300 2.0904600
0.60984500 1.0000000 -7.0390100 180.00000 459.63600 1.3811400 -0.84695600 1.9165600 -1.6993200 0.00019863800 5.9184500 36863.700 0.0014389800 0.0017145400 0.78371700 459.63800 2.5614300 2.0911100
0.61249400 1.0000000 -7.0387500 180.00000 459.53400 1.3985800 -0.84687000 1.9172100 -1.6999900 0.00020296600 5.9229400 36850.600 0.0014393900 0.0017169000 0.78388500 459.53700 2.5623600 2.0917800
0.61514100 1.0000000 -7.0384900 180.00000 459.43300 1.4159900 -0.84684100 1.9178600 -1.7006700 0.00020444500 5.9274600 36837.600 0.0014399100 0.0017180500 0.78405800 459.43600 2.5632900 2.0924500
0.61778900 1.0000000 -7.0382200 180.00000 459.33200 1.4333300 -0.84687400 1.9185300 -1.7013500 0.00020299200 5.9320100 36824.500 0.0014405400 0.0017179900 0.78423500 459.33500 2.5642500 2.0931400
0.62043600 1.0000000 -7.0379600 180.00000 459.23100 1.4506300 -0.84696200 1.9192100 -1.7020400 0.00019855100 5.9365900 36811.400 0.0014412800 0.0017166800 0.78441600 459.23400 2.5652100 2.0938400
0.62308400 1.0000000 -7.0376900 180.00000 459.13100 1.4678600 -0.84711300 1.9199100 -1.7027400 0.00019141500 5.9412000 36798.300 0.0014421300 0.0017142700 0.78460100 459.13400 2.5662000 2.0945500
0.62573200 1.0000000 -7.0374200 180.00000 459.03100 1.4850300 -0.84731900 1.9206100 -1.7034500 0.00018148300 5.9458300 36785.200 0.0014431000 0.0017106800 0.78479000 459.03500 2.5672000 2.0952800
0.62838000 1.0000000 -7.0371600 180.00000 458.93200 1.5021200 -0.84758900 1.9213500 -1.7041700 0.00016894200 5.9505000 36772.100 0.0014441800 0.0017060500 0.78498300 458.93500 2.5682200 2.0960100
0.63102700 1.0000000 -7.0369000 180.00000 458.83300 1.5191300 -0.84791700 1.9220800 -1.7048900 0.00015373200 5.9551900 36759.100 0.0014453800 0.0017003000 0.78518100 458.83600 2.5692500 2.0967600
0.63367600 1.0000000 -7.0366300 180.00000 458.73400 1.5360500 -0.84831300 1.9228400 -1.7056300 0.00013625500 5.9599200 36746.000 0.0014467000 0.0016936800 0.78538300 458.73700 2.5703100 2.0975200
0.63632300 1.0000000 -7.0363700 180.00000 458.63500 1.5528900 -0.84877100 1.9236000 -1.7063700 0.00011660400 5.9646900 36733.100 0.0014481400 0.0016861800 0.78559100 458.63900 2.5713700 2.0983000
0.63897100 1.0000000 -7.0361100 180.00000 458.53700 1.5696200 -0.84930100 1.9243900 -1.7071300 9.4888400e-05 5.9694800 36720.100 0.0014497200 0.0016779000 0.78580200 458.54100 2.5724600 2.0990800
0.64161900 1.0000000 -7.0358400 180.00000 458.43900 1.5862600 -0.84990000 1.9251800 -1.7078900 7.1044800e-05 5.9743100 36707.200 0.0014514300 0.0016687800 0.78601900 458.44300 2.5735600 2.0998900
0.64426700 1.0000000 -7.0355700 180.00000 458.34200 1.6027900 -0.85057800 1.9260000 -1.7086700 4.5174900e-05 5.9791800 36694.400 0.0014532800 0.0016589200 0.78624100 458.34500 2.5746900 2.1007000
0.64691400 1.0000000 -7.0353100 180.00000 458.24400 1.6192200 -0.85133100 1.9268200 -1.7094600 1.7130700e-05 5.9840900 36681.700 0.0014552900 0.0016482100 0.78646900 458.24800 2.5758200 2.1015300
0.64956200 1.0000000 -7.0350500 180.00000 458.14700 1.6355300 -0.85216900 1.9276600 -1.7102600 -1.2904900e-05 5.9890300 36669.100 0.0014574500 0.0016367800 0.78670200 458.15100 2.5769900 2.1023800
0.65221000 1.0000000 -7.0347800 180.00000 458.05000 1.6517500 -0.85309000 1.9285100 -1.7110700 -4.5121900e-05 5.9940100 36656.600 0.0014597700 0.0016245200 0.78694000 458.05400 2.5781600 2.1032400
0.65485800 1.0000000 -7.0345100 180.00000 457.95400 1.6678500 -0.85410500 1.9293800 -1.7118900 -7.9507600e-05 5.9990300 36644.200 0.0014622700 0.0016114800 0.78718500 457.95700 2.5793600 2.1041100
0.65750500 1.0000000 -7.0342500 180.00000 457.85700 1.6838400 -0.85521100 1.9302500 -1.7127300 -0.00011627900 6.0040900 36631.900 0.0014649400 0.0015975300 0.78743600 457.86100 2.5805700 2.1050000
0.66015400 1.0000000 -7.0339900 180.00000 457.76100 1.6997200 -0.85641800 1.9311600 -1.7135800 -0.00015546000 6.0092000 36619.700 0.0014678100 0.0015827100 0.78769200 457.76500 2.5818000 2.1059100
0.66280100 1.0000000 -7.0337200 180.00000 457.66500 1.7155000 -0.85772600 1.9320600 -1.7144400 -0.00019721900 6.0143400 36607.800 0.0014708600 0.0015669200 0.78795600 457.66900 2.5830500 2.1068300
0.66544900 1.0000000 -7.0334600 180.00000 457.56900 1.7311600 -0.85914300 1.9329900 -1.7153200 -0.00024162100 6.0195300 36595.900 0.0014741300 0.0015501500 0.78822500 457.57400 2.5843300 2.1077600
0.66809700 1.0000000 -7.0331900 180.00000 457.47400 1.7467300 -0.86066900 1.9339200 -1.7162200 -0.00028897400 6.0247600 36584.300 0.0014776000 0.0015322600 0.78850200 457.47800 2.5856200 2.1087200
0.67074500 1.0000000 -7.0329200 180.00000 457.37900 1.7621900 -0.86231200 1.9348800 -1.7171200 -0.00033917500 6.0300400 36572.800 0.0014812900 0.0015133400 0.78878500 457.38300 2.5869400 2.1096900
0.67339300 1.0000000 -7.0326600 180.00000 457.28400 1.7775600 -0.86407100 1.9358300 -1.7180500 -0.00039247700 6.0353500 36561.600 0.0014852100 0.0014932300 0.78907600 457.28800 2.5882700 2.1106700
0.67604100 1.0000000 -7.0324000 180.00000 457.18900 1.7928300 -0.86595600 1.9368200 -1.7189800 -0.00044887400 6.0407200 36550.500 0.0014893700 0.0014719800 0.78937300 457.19300 2.5896300 2.1116700
0.67868800 1.0000000 -7.0321300 180.00000 457.09500 1.8080000 -0.86796300 1.9378100 -1.7199400 -0.00050852200 6.0461200 36539.700 0.0014937600 0.0014495000 0.78967800 457.09900 2.5910000 2.1126900
0.68133600 1.0000000 -7.0318600 180.00000 457.00000 1.8230900 -0.87010200 1.9388300 -1.7209100 -0.00057133600 6.0515700 36529.100 0.0014984100 0.0014258700 0.78998900 457.00500 2.5924100 2.1137200
0.68398400 1.0000000 -7.0316000 180.00000 456.90600 1.8380900 -0.87236800 1.9398400 -1.7218900 -0.00063738300 6.0570600 36518.700 0.0015033000 0.0014010300 0.79030900 456.91100 2.5938200 2.1147700
0.68663200 1.0000000 -7.0313400 180.00000 456.81200 1.8530000 -0.87476800 1.9408900 -1.7228900 -0.00070646600 6.0626000 36508.600 0.0015084400 0.0013751000 0.79063500 456.81700 2.5952700 2.1158300
0.68928000 1.0000000 -7.0310700 180.00000 456.71900 1.8678500 -0.87729900 1.9419300 -1.7239100 -0.00077896400 6.0681800 36498.700 0.0015138400 0.0013478900 0.79097000 456.72300 2.5967200 2.1169100
0.69192800 1.0000000 -7.0308100 180.00000 456.62500 1.8826000 -0.87996400 1.9430100 -1.7249500 -0.00085496600 6.0738000 36489.100 0.0015195000 0.0013193800 0.79131200 456.63000 2.5982100 2.1180000
0.69457600 1.0000000 -7.0305500 180.00000 456.53200 1.8972900 -0.88276100 1.9440800 -1.7260000 -0.00093408700 6.0794600 36479.800 0.0015254100 0.0012897200 0.79166100 456.53700 2.5997200 2.1191100
0.69722400 1.0000000 -7.0302800 180.00000 456.43900 1.9119100 -0.88569200 1.9451900 -1.7270600 -0.0010157900 6.0851600 36470.600 0.0015315900 0.0012591900 0.79201900 456.44400 2.6012500 2.1202400
0.69987200 1.0000000 -7.0300100 180.00000 456.34700 1.9264600 -0.88875100 1.9462900 -1.7281500 -0.0010997800 6.0909000 36461.800 0.0015380100 0.0012278900 0.79238400 456.35200 2.6028000 2.1213800
0.70252000 1.0000000 -7.0297500 180.00000 456.25400 1.9409400 -0.89194000 1.9474200 -1.7292500 -0.0011856500 6.0966700 36453.200 0.0015446900 0.0011960300 0.79275700 456.25900 2.6043700 2.1225300
0.70516800 1.0000000 -7.0294800 180.00000 456.16200 1.9553600 -0.89525400 1.9485600 -1.7303700 -0.0012731500 6.1024900 36444.900 0.0015516100 0.0011636900 0.79313800 456.16700 2.6059700 2.1237000
0.70781600 1.0000000 -7.0292200 180.00000 456.07000 1.9697100 -0.89869200 1.9497200 -1.7315000 -0.0013617800 6.1083400 36436.900 0.0015587700 0.0011311400 0.79352600 456.07500 2.6075900 2.1248800
0.71046400 1.0000000 -7.0289500 180.00000 455.97900 1.9840000 -0.90224900 1.9508900 -1.7326500 -0.0014514500 6.1142200 36429.100 0.0015661600 0.0010983600 0.79392300 455.98400 2.6092200 2.1260700
0.71311200 1.0000000 -7.0286900 180.00000 455.88700 1.9982300 -0.90592400 1.9520800 -1.7338200 -0.0015419100 6.1201400 36421.600 0.0015737900 0.0010655000 0.79432700 455.89200 2.6108900 2.1272800
0.71576000 1.0000000 -7.0284200 180.00000 455.79600 2.0123900 -0.90971000 1.9532800 -1.7350000 -0.0016332200 6.1260900 36414.300 0.0015816400 0.0010325000 0.79473900 455.80100 2.6125700 2.1284900
0.71840800 1.0000000 -7.0281600 180.00000 455.70500 2.0264800 -0.91360600 1.9545100 -1.7362000 -0.0017252500 6.1320800 36407.300 0.0015897000 0.00099944200 0.79515800 455.71100 2.6142900 2.1297300
0.72105600 1.0000000 -7.0279000 180.00000 455.61500 2.0405100 -0.91760500 1.9557300 -1.7374200 -0.0018180400 6.1380900 36400.500 0.0015979800 0.00096626400 0.79558500 455.62000 2.6160100 2.1309700
0.72370400 1.0000000 -7.0276300 180.00000 455.52400 2.0544600 -0.92170600 1.9569900 -1.7386500 -0.0019109800 6.1441300 36394.000 0.0016064500 0.00093327100 0.79601900 455.53000 2.6177700 2.1322200
0.72635200 1.0000000 -7.0273600 180.00000 455.43500 2.0683500 -0.92590300 1.9582500 -1.7399000 -0.0020042800 6.1502000 36387.700 0.0016151200 0.00090033400 0.79645900 455.44000 2.6195400 2.1334800
0.72900100 1.0000000 -7.0271000 180.00000 455.34500 2.0821400 -0.93019400 1.9595400 -1.7411600 -0.0020979600 6.1563000 36381.600 0.0016239800 0.00086746000 0.79690700 455.35100 2.6213400 2.1347600
0.73164800 1.0000000 -7.0268400 180.00000 455.25500 2.0958400 -0.93457500 1.9608400 -1.7424300 -0.0021921800 6.1624200 36375.800 0.0016330200 0.00083454400 0.79736000 455.26100 2.6231500 2.1360400
0.73429700 1.0000000 -7.0265700 180.00000 455.16600 2.1094400 -0.93904200 1.9621600 -1.7437100 -0.0022873300 6.1685700 36370.200 0.0016422500 0.00080143400 0.79781900 455.17200 2.6250000 2.1373400
0.73694500 1.0000000 -7.0263000 180.00000 455.07800 2.1229200 -0.94359400 1.9634800 -1.7450100 -0.0023834500 6.1747500 36364.700 0.0016516400 0.00076807800 0.79828200 455.08400 2.6268500 2.1386500
0.73959300 1.0000000 -7.0260400 180.00000 454.98900 2.1362800 -0.94822800 1.9648400 -1.7463100 -0.0024802400 6.1809500 36359.500 0.0016612000 0.00073463500 0.79875000 454.99500 2.6287300 2.1399700
0.74224100 1.0000000 -7.0257800 180.00000 454.90100 2.1495200 -0.95294100 1.9662000 -1.7476200 -0.0025775200 6.1871700 36354.500 0.0016709200 0.00070115400 0.79922200 454.90800 2.6306100 2.1412900
0.74488900 1.0000000 -7.0255100 180.00000 454.81400 2.1626100 -0.95773300 1.9675900 -1.7489400 -0.0026750600 6.1934300 36349.600 0.0016808000 0.00066776900 0.79969600 454.82000 2.6325300 2.1426300
0.74753700 1.0000000 -7.0252500 180.00000 454.72600 2.1755700 -0.96260200 1.9689800 -1.7502600 -0.0027727000 6.1997100 36345.000 0.0016908400 0.00063452400 0.80017300 454.73300 2.6344500 2.1439800
0.75018600 1.0000000 -7.0249800 180.00000 454.63900 2.1883800 -0.96754600 1.9704000 -1.7515900 -0.0028700800 6.2060200 36340.500 0.0017010200 0.00060160300 0.80065300 454.64600 2.6363900 2.1453400
0.75283400 1.0000000 -7.0247200 180.00000 454.55300 2.2010400 -0.97256400 1.9718300 -1.7529200 -0.0029670100 6.2123500 36336.200 0.0017113600 0.00056906500 0.80113400 454.55900 2.6383400 2.1467200
0.75548200 1.0000000 -7.0244500 180.00000 454.46600 2.2135400 -0.97765500 1.9732800 -1.7542600 -0.0030633500 6.2187200 36332.000 0.0017218400 0.00053699900 0.80161800 454.47300 2.6403100 2.1481000
0.75813000 1.0000000 -7.0241900 180.00000 454.38000 2.2258800 -0.98281900 1.9747400 -1.7556000 -0.0031589700 6.2251300 36328.000 0.0017324600 0.00050543200 0.80210400 454.38700 2.6422900 2.1495000
0.76077800 1.0000000 -7.0239200 180.00000 454.29500 2.2380500 -0.98805300 1.9762200 -1.7569400 -0.0032537000 6.2315700 36324.200 0.0017432300 0.00047447300 0.80259100 454.30100 2.6442900 2.1509100
0.76342500 1.0000000 -7.0236600 180.00000 454.20900 2.2500500 -0.99336000 1.9777100 -1.7582800 -0.0033474600 6.2380500 36320.600 0.0017541400 0.00044412900 0.80307900 454.21600 2.6463000 2.1523400
0.76607300 1.0000000 -7.0233900 180.00000 454.12400 2.2618700 -0.99873600 1.9792200 -1.7596300 -0.0034396500 6.2445800 36317.100 0.0017651900 0.00041469300 0.80356900 454.13100 2.6483300 2.1537900
0.76872100 1.0000000 -7.0231300 180.00000 454.03900 2.2735300 -1.0041800 1.9807400 -1.7609900 -0.0035303900 6.2511500 36313.700 0.0017763800 0.00038609500 0.80406200 454.04600 2.6503700 2.1552500
0.77136900 1.0000000 -7.0228600 180.00000 453.95500 2.2849900 -1.0097000 1.9822900 -1.7623500 -0.0036196500 6.2577800 36310.600 0.0017877200 0.00035836200 0.80455600 453.96200 2.6524300 2.1567300
0.77401600 1.0000000 -7.0226000 180.00000 453.87100 2.2962800 -1.0152900 1.9838400 -1.7637100 -0.0037074300 6.2644700 36307.600 0.0017991900 0.00033147800 0.80505300 453.87800 2.6544900 2.1582400
0.77666400 1.0000000 -7.0223400 180.00000 453.78700 2.3073700 -1.0209500 1.9854200 -1.7650800 -0.0037937200 6.2712100 36304.800 0.0018108100 0.00030546400 0.80555200 453.79400 2.6565800 2.1597600
0.77931200 1.0000000 -7.0220700 180.00000 453.70300 2.3182900 -1.0266700 1.9870000 -1.7664600 -0.0038784600 6.2780200 36302.200 0.0018225700 0.00028032900 0.80605500 453.71000 2.6586800 2.1613100
0.78196000 1.0000000 -7.0218000 180.00000 453.62000 2.3290000 -1.0324700 1.9886100 -1.7678500 -0.0039615500 6.2849100 36299.800 0.0018344800 0.00025614200 0.80656100 453.62700 2.6608000 2.1628800
0.78460700 1.0000000 -7.0215400 180.00000 453.53600 2.3395200 -1.0383400 1.9902200 -1.7692400 -0.0040429800 6.2918600 36297.600 0.0018465300 0.00023288700 0.80707100 453.54400 2.6629300 2.1644900
0.78725500 1.0000000 -7.0212800 180.00000 453.45400 2.3498300 -1.0442800 1.9918600 -1.7706500 -0.0041225800 6.2988900 36295.600 0.0018587300 0.00021065600 0.80758600 453.46100 2.6650900 2.1661100
0.78990300 1.0000000 -7.0210100 180.00000 453.37100 2.3599500 -1.0502900 1.9935000 -1.7720600 -0.0042004200 6.3059900 36293.800 0.0018711000 0.00018940900 0.80810500 453.37800 2.6672600 2.1677700
0.79255100 1.0000000 -7.0207400 180.00000 453.28900 2.3698500 -1.0563800 1.9951700 -1.7734900 -0.0042763800 6.3131800 36292.300 0.0018836100 0.00016921600 0.80863000 453.29600 2.6694500 2.1694500
0.79519800 1.0000000 -7.0204800 180.00000 453.20700 2.3795500 -1.0625400 1.9968400 -1.7749300 -0.0043504100 6.3204500 36291.000 0.0018962800 0.00015008500 0.80916100 453.21500 2.6716600 2.1711700
0.79784600 1.0000000 -7.0202200 180.00000 453.12600 2.3890300 -1.0687700 1.9985400 -1.7763800 -0.0044224700 6.3278000 36290.000 0.0019091200 0.00013205600 0.80969900 453.13300 2.6739000 2.1729200
0.80049400 1.0000000 -7.0199500 180.00000 453.04500 2.3983100 -1.0750900 2.0002500 -1.7778500 -0.0044924600 6.3352300 36289.200 0.0019221200 0.00011515400 0.81024500 453.05300 2.6761500 2.1746900
0.80314200 1.0000000 -7.0196900 180.00000 452.96500 2.4073700 -1.0814800 2.0019800 -1.7793400 -0.0045603700 6.3427400 36288.700 0.0019353000 9.9409800e-05 0.81079800 452.97200 2.6784300 2.1765000
0.80579000 1.0000000 -7.0194200 180.00000 452.88500 2.4162200 -1.0879500 2.0037200 -1.7808500 -0.0046261100 6.3503300 36288.500 0.0019486400 8.4841800e-05 0.81135900 452.89300 2.6807300 2.1783300
0.80843800 1.0000000 -7.0191600 180.00000 452.80500 2.4248500 -1.0944900 2.0054800 -1.7823700 -0.0046896700 6.3580000 36288.600 0.0019621600 7.1474700e-05 0.81193000 452.81300 2.6830600 2.1802000
0.81108500 1.0000000 -7.0188900 180.00000 452.72700 2.4332700 -1.1011200 2.0072500 -1.7839100 -0.0047510100 6.3657200 36289.000 0.0019758600 5.9315400e-05 0.81250900 452.73500 2.6854100 2.1820900
0.81373300 1.0000000 -7.0186300 180.00000 452.64900 2.4414700 -1.1078200 2.0090500 -1.7854700 -0.0048101200 6.3735200 36289.700 0.0019897300 4.8376900e-05 0.81309700 452.65700 2.6877900 2.1840100
0.81638100 1.0000000 -7.0183600 180.00000 452.57100 2.4494700 -1.1146100 2.0108500 -1.7870500 -0.0048669500 6.3813600 36290.700 0.0020037900 3.8674200e-05 0.81369400 452.57900 2.6901900 2.1859500
0.81902900 1.0000000 -7.0180900 180.00000 452.49400 2.4572500 -1.1214700 2.0126900 -1.7886500 -0.0049215300 6.3892600 36292.000 0.0020180100 3.0200700e-05 0.81430100 452.50200 2.6926200 2.1879100
0.82167700 1.0000000 -7.0178300 180.00000 452.41800 2.4648200 -1.1284100 2.0145300 -1.7902700 -0.0049738000 6.3972000 36293.500 0.0020324200 2.2977500e-05 0.81491700 452.42600 2.6950700 2.1898900
0.82432500 1.0000000 -7.0175700 180.00000 452.34200 2.4721600 -1.1354300 2.0163900 -1.7919100 -0.0050238100 6.4051800 36295.400 0.0020470000 1.6984600e-05 0.81554100 452.35000 2.6975600 2.1918900
0.82697200 1.0000000 -7.0173000 180.00000 452.26700 2.4793000 -1.1425200 2.0182700 -1.7935600 -0.0050714700 6.4132000 36297.500 0.0020617500 1.2247000e-05 0.81617400 452.27500 2.7000600 2.1939100
0.82962000 1.0000000 -7.0170400 180.00000 452.19200 2.4862200 -1.1496800 2.0201700 -1.7952400 -0.0051168300 6.4212500 36299.900 0.0020766700 8.7602500e-06 0.81681500 452.20100 2.7025900 2.1959400
0.83226800 1.0000000 -7.0167800 180.00000 452.11800 2.4929300 -1.1569200 2.0220800 -1.7969300 -0.0051597700 6.4293200 36302.500 0.0020917600 6.5490400e-06 0.81746400 452.12700 2.7051400 2.1979800
0.83491600 1.0000000 -7.0165100 180.00000 452.04500 2.4994100 -1.1642200 2.0240200 -1.7986300 -0.0052003700 6.4374200 36305.300 0.0021069900 5.5947600e-06 0.81812100 452.05300 2.7077200 2.2000300
0.83756400 1.0000000 -7.0162400 180.00000 451.97200 2.5056800 -1.1715800 2.0259600 -1.8003500 -0.0052385200 6.4455300 36308.400 0.0021223900 5.9260400e-06 0.81878400 451.98000 2.7103200 2.2020900
0.84021200 1.0000000 -7.0159800 180.00000 451.89900 2.5117100 -1.1790100 2.0279400 -1.8020900 -0.0052743100 6.4536600 36311.700 0.0021379200 7.5012800e-06 0.81945400 451.90800 2.7129500 2.2041600
0.84286000 1.0000000 -7.0157200 180.00000 451.82700 2.5175300 -1.1865000 2.0299200 -1.8038300 -0.0053075400 6.4618100 36315.200 0.0021536000 1.0398300e-05 0.82013100 451.83600 2.7155900 2.2062400
0.84550800 1.0000000 -7.0154500 180.00000 451.75500 2.5231100 -1.1940300 2.0319300 -1.8055900 -0.0053383300 6.4699700 36319.000 0.0021694100 1.4568300e-05 0.82081300 451.76400 2.7182600 2.2083200
0.84815600 1.0000000 -7.0151800 180.00000 451.68400 2.5284700 -1.2016200 2.0339400 -1.8073700 -0.0053665300 6.4781500 36322.900 0.0021853400 2.0053700e-05 0.82150100 451.69300 2.7209400 2.2104200
0.85080400 1.0000000 -7.0149200 180.00000 451.61300 2.5335800 -1.2092500 2.0359800 -1.8091500 -0.0053922700 6.4863500 36327.100 0.0022013900 2.6803300e-05 0.82219500 451.62200 2.7236500 2.2125200
0.85345200 1.0000000 -7.0146500 180.00000 451.54300 2.5384500 -1.2169300 2.0380300 -1.8109500 -0.0054153800 6.4945700 36331.500 0.0022175500 3.4873000e-05 0.82289400 451.55100 2.7263800 2.2146300
0.85610000 1.0000000 -7.0143900 180.00000 451.47200 2.5430700 -1.2246500 2.0401000 -1.8127600 -0.0054359100 6.5028100 36336.100 0.0022338100 4.4238700e-05 0.82359800 451.48100 2.7291300 2.2167600
0.85874800 1.0000000 -7.0141300 180.00000 451.40300 2.5474500 -1.2323900 2.0421800 -1.8145800 -0.0054537200 6.5111000 36340.900 0.0022501700 5.4944600e-05 0.82430800 451.41200 2.7318900 2.2189000
0.86139600 1.0000000 -7.0138600 180.00000 451.33300 2.5515500 -1.2401600 2.0442900 -1.8164100 -0.0054691700 6.5194300 36346.000 0.0022666000 6.6829200e-05 0.82502400 451.34200 2.7346800 2.2210500
0.86404400 1.0000000 -7.0135900 180.00000 451.26500 2.5554000 -1.2479600 2.0463900 -1.8182600 -0.0054820400 6.5278100 36351.400 0.0022831400 7.9970700e-05 0.82574700 451.27300 2.7374900 2.2232300
0.86669200 1.0000000 -7.0133300 180.00000 451.19600 2.5589600 -1.2557900 2.0485200 -1.8201300 -0.0054926100 6.5362500 36357.200 0.0022997500 9.4258200e-05 0.82648000 451.20500 2.7403200 2.2254300
0.86934000 1.0000000 -7.0130700 180.00000 451.12700 2.5622500 -1.2636200 2.0506500 -1.8220200 -0.0055003500 6.5447900 36363.200 0.0023164400 0.00010989400 0.82721800 451.13600 2.7431700 2.2276600
0.87198800 1.0000000 -7.0128000 180.00000 451.05900 2.5652500 -1.2714500 2.0528100 -1.8239300 -0.0055057400 6.5534300 36369.500 0.0023331600 0.00012663900 0.82796500 451.06800 2.7460500 2.2299300
0.87463600 1.0000000 -7.0125300 180.00000 450.99300 2.5679700 -1.2792900 2.0549700 -1.8258500 -0.0055086700 6.5621500 36376.300 0.0023499200 0.00014452000 0.82872000 451.00200 2.7489300 2.2322400
0.87728500 1.0000000 -7.0122700 180.00000 450.92700 2.5704000 -1.2871000 2.0571500 -1.8277800 -0.0055096000 6.5709400 36383.700 0.0023666900 0.00016332600 0.82948300 450.93700 2.7518500 2.2345800
0.87993200 1.0000000 -7.0120100 180.00000 450.86400 2.5725800 -1.2949000 2.0593300 -1.8297200 -0.0055081100 6.5798000 36391.900 0.0023834800 0.00018322800 0.83025000 450.87300 2.7547600 2.2369600
0.88258100 1.0000000 -7.0117400 180.00000 450.80100 2.5744700 -1.3026800 2.0615300 -1.8316600 -0.0055045200 6.5887000 36400.700 0.0024002300 0.00020406100 0.83102200 450.81000 2.7577000 2.2393600
0.88522900 1.0000000 -7.0114800 180.00000 450.73900 2.5761300 -1.3104300 2.0637300 -1.8336100 -0.0054990600 6.5976500 36410.200 0.0024169800 0.00022572800 0.83179600 450.74800 2.7606400 2.2417900
0.88787700 1.0000000 -7.0112100 180.00000 450.67800 2.5775200 -1.3181400 2.0659500 -1.8355600 -0.0054918800 6.6066300 36420.200 0.0024336900 0.00024814200 0.83257300 450.68700 2.7636000 2.2442300
0.89052500 1.0000000 -7.0109500 180.00000 450.61900 2.5787000 -1.3258300 2.0681600 -1.8375100 -0.0054827500 6.6156200 36430.800 0.0024503700 0.00027140500 0.83335100 450.62800 2.7665500 2.2467000
0.89317300 1.0000000 -7.0106800 180.00000 450.56100 2.5796500 -1.3334800 2.0704000 -1.8394600 -0.0054716500 6.6246000 36441.900 0.0024670000 0.00029553000 0.83412800 450.57000 2.7695100 2.2491700
0.89582100 1.0000000 -7.0104200 180.00000 450.50400 2.5804200 -1.3411000 2.0726300 -1.8413900 -0.0054581900 6.6335400 36453.300 0.0024835700 0.00032066900 0.83490200 450.51300 2.7724700 2.2516400
0.89847000 1.0000000 -7.0101500 180.00000 450.44900 2.5809900 -1.3486700 2.0748800 -1.8433100 -0.0054425400 6.6424300 36465.000 0.0025000700 0.00034674600 0.83567400 450.45900 2.7754200 2.2541100
0.90111800 1.0000000 -7.0098900 180.00000 450.39500 2.5814200 -1.3562200 2.0771300 -1.8452200 -0.0054243800 6.6512500 36477.000 0.0025165200 0.00037392800 0.83644200 450.40500 2.7783700 2.2565600
0.90376600 1.0000000 -7.0096200 180.00000 450.34200 2.5816900 -1.3637200 2.0794000 -1.8471200 -0.0054035700 6.6600000 36489.100 0.0025329000 0.00040225400 0.83720600 450.35200 2.7813300 2.2590000
0.90641400 1.0000000 -7.0093600 180.00000 450.29000 2.5818300 -1.3711900 2.0816600 -1.8490100 -0.0053795600 6.6686800 36501.100 0.0025492400 0.00043199600 0.83796500 450.30000 2.7842700 2.2614200
0.90906200 1.0000000 -7.0090900 180.00000 450.23800 2.5818200 -1.3786300 2.0839400 -1.8508900 -0.0053521400 6.6773000 36513.000 0.0025655000 0.00046323200 0.83872100 450.24800 2.7872200 2.2638200
0.91171000 1.0000000 -7.0088300 180.00000 450.18700 2.5817000 -1.3860300 2.0862100 -1.8527600 -0.0053207700 6.6858400 36524.600 0.0025817100 0.00049621300 0.83947300 450.19700 2.7901700 2.2662000
0.91435800 1.0000000 -7.0085700 180.00000 450.13700 2.5814300 -1.3933900 2.0885000 -1.8546200 -0.0052853600 6.6943200 36535.900 0.0025978500 0.00053096000 0.84022300 450.14600 2.7931100 2.2685600
0.91700500 1.0000000 -7.0083000 180.00000 450.08600 2.5810300 -1.4007200 2.0907900 -1.8564700 -0.0052452700 6.7027400 36547.000 0.0026139300 0.00056778100 0.84097000 450.09600 2.7960500 2.2709100
0.91965300 1.0000000 -7.0080300 180.00000 450.03700 2.5805000 -1.4080000 2.0930900 -1.8583200 -0.0052003500 6.7111100 36557.900 0.0026299400 0.00060672600 0.84171400 450.04700 2.7990000 2.2732500
0.92230100 1.0000000 -7.0077700 180.00000 449.98900 2.5798300 -1.4152600 2.0953900 -1.8601600 -0.0051500400 6.7194100 36568.600 0.0026459000 0.00064806500 0.84245700 449.99800 2.8019400 2.2755700
0.92494900 1.0000000 -7.0075100 180.00000 449.94100 2.5790200 -1.4224800 2.0977000 -1.8620000 -0.0050943500 6.7276500 36579.100 0.0026617800 0.00069177300 0.84319800 449.95100 2.8048900 2.2778800
0.92759600 1.0000000 -7.0072400 180.00000 449.89300 2.5780400 -1.4296600 2.1000100 -1.8638300 -0.0050329200 6.7358500 36589.300 0.0026776200 0.00073803500 0.84393800 449.90300 2.8078300 2.2801700
0.93024400 1.0000000 -7.0069700 180.00000 449.84600 2.5769000 -1.4368100 2.1023400 -1.8656600 -0.0049657700 6.7440100 36599.200 0.0026933900 0.00078682000 0.84467700 449.85600 2.8107900 2.2824600
0.93289200 1.0000000 -7.0067100 180.00000 449.79900 2.5755900 -1.4439200 2.1046600 -1.8674900 -0.0048925200 6.7521400 36608.900 0.0027091100 0.00083831500 0.84541500 449.80900 2.8137400 2.2847300
0.93554000 1.0000000 -7.0064500 180.00000 449.75200 2.5740800 -1.4510000 2.1069900 -1.8693200 -0.0048132700 6.7602400 36618.300 0.0027247600 0.00089245500 0.84615400 449.76200 2.8167000 2.2870000
0.93818700 1.0000000 -7.0061800 180.00000 449.70600 2.5723900 -1.4580400 2.1093300 -1.8711600 -0.0047280100 6.7683300 36627.500 0.0027403800 0.00094927300 0.84689500 449.71500 2.8196600 2.2892600
0.94083500 1.0000000 -7.0059200 180.00000 449.65900 2.5704800 -1.4650500 2.1116700 -1.8730000 -0.0046371300 6.7764200 36636.500 0.0027559500 0.0010085700 0.84763800 449.66900 2.8226400 2.2915200
0.94348300 1.0000000 -7.0056500 180.00000 449.61300 2.5683700 -1.4720300 2.1140200 -1.8748400 -0.0045401300 6.7845100 36645.400 0.0027714900 0.0010705900 0.84838500 449.62300 2.8256200 2.2937900
0.94613100 1.0000000 -7.0053900 180.00000 449.56800 2.5660300 -1.4789700 2.1163800 -1.8767000 -0.0044374100 6.7926100 36654.000 0.0027869700 0.0011351400 0.84913500 449.57700 2.8286200 2.2960600
0.94877800 1.0000000 -7.0051200 180.00000 449.52200 2.5634800 -1.4858900 2.1187300 -1.8785700 -0.0043290600 6.8007300 36662.600 0.0028024600 0.0012022100 0.84989100 449.53200 2.8316200 2.2983400
0.95142600 1.0000000 -7.0048600 180.00000 449.47700 2.5606900 -1.4927800 2.1211000 -1.8804600 -0.0042163500 6.8088900 36671.100 0.0028179100 0.0012711900 0.85065400 449.48700 2.8346400 2.3006300
0.95407400 1.0000000 -7.0045900 180.00000 449.43200 2.5576800 -1.4996500 2.1234700 -1.8823600 -0.0041001300 6.8170900 36679.500 0.0028333700 0.0013417300 0.85142600 449.44200 2.8376800 2.3029500
0.95672200 1.0000000 -7.0043300 180.00000 449.38900 2.5544300 -1.5064900 2.1258500 -1.8842900 -0.0039815600 6.8253500 36688.000 0.0028488300 0.0014133000 0.85220800 449.39800 2.8407400 2.3052900
0.95936900 1.0000000 -7.0040700 180.00000 449.34300 2.5509300 -1.5133100 2.1282200 -1.8862400 -0.0038613300 6.8337100 36696.400 0.0028643100 0.0014855900 0.85299800 449.35300 2.8438100 2.3076500
0.96201800 1.0000000 -7.0038000 180.00000 449.29900 2.5471800 -1.5200900 2.1306100 -1.8882200 -0.0037407300 6.8421700 36704.800 0.0028797900 0.0015580100 0.85380200 449.30900 2.8469100 2.3100500
0.96466500 1.0000000 -7.0035300 180.00000 449.25600 2.5432000 -1.5268600 2.1329900 -1.8902300 -0.0036202400 6.8507200 36713.400 0.0028953300 0.0016303700 0.85462400 449.26600 2.8500300 2.3124900
0.96731300 1.0000000 -7.0032700 180.00000 449.21500 2.5389700 -1.5336100 2.1353900 -1.8922800 -0.0035007800 6.8593300 36722.300 0.0029109100 0.0017022500 0.85546200 449.22500 2.8531800 2.3149800
0.96996100 1.0000000 -7.0030100 180.00000 449.17600 2.5345100 -1.5403600 2.1377800 -1.8943500 -0.0033824500 6.8680100 36731.600 0.0029265500 0.0017736300 0.85631500 449.18500 2.8563400 2.3175000
0.97260900 1.0000000 -7.0027400 180.00000 449.13800 2.5298300 -1.5470900 2.1401700 -1.8964500 -0.0032659500 6.8767200 36741.400 0.0029422300 0.0018441700 0.85718000 449.14700 2.8595200 2.3200500
0.97525700 1.0000000 -7.0024700 180.00000 449.10200 2.5249400 -1.5538200 2.1425700 -1.8985600 -0.0031512900 6.8854600 36752.000 0.0029579900 0.0019139200 0.85805800 449.11100 2.8627200 2.3226200
0.97790500 1.0000000 -7.0022100 180.00000 449.06700 2.5198400 -1.5605500 2.1449700 -1.9007000 -0.0030394900 6.8942000 36763.400 0.0029737900 0.0019823900 0.85894500 449.07700 2.8659300 2.3252100
0.98055200 1.0000000 -7.0019500 180.00000 449.03400 2.5145400 -1.5673000 2.1473600 -1.9028400 -0.0029307100 6.9029400 36775.300 0.0029897000 0.0020495800 0.85983900 449.04400 2.8691400 2.3278100
0.98320100 1.0000000 -7.0016800 180.00000 449.00200 2.5090400 -1.5740600 2.1497600 -1.9049900 -0.0028251900 6.9116600 36787.900 0.0030056600 0.0021153300 0.86073900 449.01200 2.8723600 2.3304200
0.98584800 1.0000000 -7.0014100 180.00000 448.97100 2.5033600 -1.5808200 2.1521500 -1.9071500 -0.0027224500 6.9203600 36801.000 0.0030216800 0.0021798600 0.86164300 448.98100 2.8755800 2.3330400
0.98849600 1.0000000 -7.0011500 180.00000 448.94100 2.4975100 -1.5875600 2.1545400 -1.9093100 -0.0026224800 6.9290400 36814.500 0.0030377000 0.0022431300 0.86255000 448.95100 2.8788000 2.3356600
0.99114400 1.0000000 -7.0008900 180.00000 448.91300 2.4914900 -1.5943000 2.1569300 -1.9114700 -0.0025248800 6.9376900 36828.400 0.0030537400 0.0023053300 0.86345800 448.92300 2.8820200 2.3382700
0.99379200 1.0000000 -7.0006200 180.00000 448.88700 2.4853100 -1.6010000 2.1593100 -1.9136200 -0.0024296500 6.9462700 36842.800 0.0030697500 0.0023664200 0.86436700 448.89700 2.8852300 2.3409000
0.99644000 1.0000000 -7.0003600 180.00000 448.86300 2.4790000 -1.6076900 2.1616800 -1.9157600 -0.0023365300 6.9547800 36857.600 0.0030857400 0.0024265300 0.86527300 448.87300 2.8884300 2.3435100
0.99908800 1.0000000 -7.0000900 180.00000 448.84000 2.4725600 -1.6143300 2.1640500 -1.9178800 -0.0022455400 6.9632300 36872.800 0.0031016500 0.0024856000 0.86617400 448.85000 2.8916100 2.3461200
1.0017400 1.0000000 -7.0000000 180.00000 448.82300 2.4659500 -1.6209400 2.1664400 -1.9199900 -0.0021570000 6.9715000 36889.100 0.0031175200 0.0025435600 0.86707900 448.83200 2.8947900 2.3487200
1.0043800 1.0000000 -7.0000000 180.00000 448.80900 2.4592100 -1.6275200 2.1688100 -1.9220900 -0.0020705400 6.9796300 36906.300 0.0031333200 0.0026005100 0.86798300 448.81800 2.8979600 2.3513200
1.0070300 1.0000000 -7.0000000 180.00000 448.79600 2.4523700 -1.6340500 2.1711900 -1.9241600 -0.0019855800 6.9876600 36923.800 0.0031490600 0.0026567200 0.86888200 448.80600 2.9011200 2.3538900
1.0096800 1.0000000 -7.0000000 180.00000 448.78500 2.4454500 -1.6405400 2.1735500 -1.9262200 -0.0019020300 6.9955900 36941.500 0.0031646800 0.0027121900 0.86977300 448.79400 2.9042500 2.3564400
1.0123300 1.0000000 -7.0000000 180.00000 448.77400 2.4384500 -1.6469800 2.1759100 -1.9282500 -0.0018197200 7.0033900 36959.500 0.0031802200 0.0027670400 0.87065500 448.78400 2.9073600 2.3589600
1.0149800 1.0000000 -7.0000000 180.00000 448.76600 2.4313700 -1.6533600 2.1782600 -1.9302600 -0.0017385600 7.0110700 36977.600 0.0031956400 0.0028212400 0.87152900 448.77500 2.9104500 2.3614600
1.0176200 1.0000000 -7.0000000 180.00000 448.75800 2.4242100 -1.6596900 2.1806000 -1.9322400 -0.0016585300 7.0186000 36995.800 0.0032109500 0.0028748600 0.87239500 448.76800 2.9135200 2.3639200
1.0202700 1.0000000 -7.0000000 180.00000 448.75200 2.4169700 -1.6659700 2.1829300 -1.9342000 -0.0015794900 7.0260000 37014.100 0.0032261400 0.0029279000 0.87325200 448.76100 2.9165600 2.3663400
1.0229200 1.0000000 -7.0000000 180.00000 448.74500 2.4096400 -1.6722000 2.1852700 -1.9361400 -0.0015014300 7.0332600 37032.300 0.0032412400 0.0029804500 0.87410000 448.75500 2.9195900 2.3687100
1.0255700 1.0000000 -7.0000000 180.00000 448.74000 2.4022100 -1.6783800 2.1875800 -1.9380600 -0.0014243300 7.0403900 37050.500 0.0032562300 0.0030324400 0.87494000 448.74900 2.9226000 2.3710500
1.0282200 1.0000000 -7.0000000 180.00000 448.73400 2.3946700 -1.6845300 2.1898900 -1.9399600 -0.0013480900 7.0473900 37068.400 0.0032711500 0.0030840000 0.87577100 448.74400 2.9255900 2.3733600
1.0308600 1.0000000 -7.0000000 180.00000 448.73000 2.3870300 -1.6906200 2.1921900 -1.9418400 -0.0012726900 7.0542800 37086.000 0.0032859600 0.0031350700 0.87659500 448.73900 2.9285500 2.3756300
1.0335100 1.0000000 -7.0000000 180.00000 448.72600 2.3792600 -1.6966800 2.1944800 -1.9437100 -0.0011979800 7.0610500 37103.400 0.0033007100 0.0031857800 0.87741300 448.73500 2.9315100 2.3778600
1.0361600 1.0000000 -7.0000000 180.00000 448.72200 2.3713600 -1.7026900 2.1967600 -1.9455600 -0.0011238900 7.0677200 37120.500 0.0033153600 0.0032361000 0.87822500 448.73200 2.9344500 2.3800700
1.0388100 1.0000000 -7.0000000 180.00000 448.71900 2.3633300 -1.7086700 2.1990500 -1.9474000 -0.0010503400 7.0743000 37137.400 0.0033299500 0.0032861400 0.87903300 448.72800 2.9373800 2.3822500
1.0414600 1.0000000 -7.0000000 180.00000 448.71600 2.3551500 -1.7146000 2.2013100 -1.9492300 -0.00097725100 7.0807900 37154.000 0.0033444600 0.0033358600 0.87983700 448.72600 2.9402800 2.3844100
1.0441100 1.0000000 -7.0000000 180.00000 448.71400 2.3468200 -1.7205000 2.2035800 -1.9510600 -0.00090453600 7.0872000 37170.500 0.0033589200 0.0033853900 0.88063800 448.72400 2.9431900 2.3865500
1.0467500 1.0000000 -7.0000000 180.00000 448.71300 2.3383500 -1.7263600 2.2058300 -1.9528700 -0.00083211000 7.0935400 37186.700 0.0033733100 0.0034346700 0.88143700 448.72200 2.9460800 2.3886700
1.0494000 1.0000000 -7.0000000 180.00000 448.71200 2.3297200 -1.7321900 2.2080800 -1.9546800 -0.00075975900 7.0998100 37202.700 0.0033876500 0.0034839000 0.88223300 448.72100 2.9489700 2.3907700
1.0520500 1.0000000 -7.0000000 180.00000 448.71100 2.3209500 -1.7379700 2.2103200 -1.9564900 -0.00068738000 7.1060300 37218.600 0.0034019100 0.0035330300 0.88302800 448.72000 2.9518400 2.3928500
1.0547000 1.0000000 -7.0000000 180.00000 448.71100 2.3120500 -1.7437300 2.2125600 -1.9582900 -0.00061479800 7.1121800 37234.200 0.0034161500 0.0035822400 0.88382200 448.72000 2.9547200 2.3949200
1.0573500 1.0000000 -7.0000000 180.00000 448.71100 2.3030600 -1.7494400 2.2147900 -1.9600900 -0.00054205800 7.1182900 37249.700 0.0034303100 0.0036314200 0.88461600 448.72000 2.9575800 2.3969800
1.0599900 1.0000000 -7.0000000 180.00000 448.71200 2.2939800 -1.7551300 2.2170200 -1.9618900 -0.00046864700 7.1243500 37264.900 0.0034444500 0.0036808800 0.88540900 448.72100 2.9604400 2.3990300
1.0626400 1.0000000 -7.0000000 180.00000 448.71300 2.2848400 -1.7607800 2.2192400 -1.9636900 -0.00039456300 7.1303700 37280.100 0.0034585300 0.0037305600 0.88620200 448.72200 2.9632900 2.4010700
1.0652900 1.0000000 -7.0000000 180.00000 448.71400 2.2756400 -1.7664200 2.2214600 -1.9654900 -0.00031985500 7.1363600 37295.000 0.0034725900 0.0037805100 0.88699700 448.72300 2.9661500 2.4031000
1.0679400 1.0000000 -7.0000000 180.00000 448.71600 2.2664200 -1.7720100 2.2236700 -1.9672900 -0.00024484400 7.1423200 37309.800 0.0034866100 0.0038305100 0.88779300 448.72500 2.9690000 2.4051300
1.0705900 1.0000000 -7.0000000 180.00000 448.71800 2.2571800 -1.7775900 2.2258900 -1.9690900 -0.00016970700 7.1482600 37324.400 0.0035006200 0.0038805700 0.88859200 448.72800 2.9718500 2.4071500
1.0732300 1.0000000 -7.0000000 180.00000 448.72100 2.2479300 -1.7831400 2.2280900 -1.9709000 -9.4805100e-05 7.1541900 37338.900 0.0035146000 0.0039304600 0.88939300 448.73000 2.9747000 2.4091800
1.0758800 1.0000000 -7.0000000 180.00000 448.72400 2.2386800 -1.7886700 2.2303000 -1.9727200 -2.0494800e-05 7.1601100 37353.300 0.0035285800 0.0039800700 0.89019800 448.73300 2.9775600 2.4112000
1.0785300 1.0000000 -7.0000000 180.00000 448.72700 2.2294500 -1.7941600 2.2325000 -1.9745400 5.2820900e-05 7.1660400 37367.500 0.0035425300 0.0040291800 0.89100800 448.73700 2.9804200 2.4132400
1.0811800 1.0000000 -7.0000000 180.00000 448.73100 2.2202400 -1.7996500 2.2347000 -1.9763700 0.00012501700 7.1719800 37381.600 0.0035565100 0.0040777800 0.89182300 448.74000 2.9832800 2.4152800
1.0838200 1.0000000 -7.0000000 180.00000 448.73500 2.2110500 -1.8051100 2.2369000 -1.9782200 0.00019577000 7.1779500 37395.600 0.0035704700 0.0041256900 0.89264500 448.74500 2.9861500 2.4173300
