# /datac/proj/2008/wsafr/run.256x60x180.2068-a3b2.4-mp1umn1de-1.g15q0d4/evo.Earth.dat
# Temporal profiles at EARTH
# 
# program = enlil
# version = 2.6
# observatory = gong
# corona = WSA_V1.6.1a
# shift_deg = 8.000
# coordinates = HEEQ
# run = 256x60x180.2068-a3b2.4-mp1umn1de-1.g15q0d4
# 
#-------------------------------------------------------------------------------------------------------------
#     MJD        date   time      R    Lat     Lon       N      T   Vrad   Vthe   Vphi    Brad    Bthe    Bphi
#          yyyy-mm-dd  hh:mm     AU    deg     deg    cm-3     kK   km/s   km/s   km/s      nT      nT      nT
#-------------------------------------------------------------------------------------------------------------
54545.001  2008-03-20  00:01  0.994  -7.20    0.00    2.38   65.3  662.4   -0.6   -1.4    2.73    0.01   -1.45
54545.003  2008-03-20  00:04  0.994  -7.20    0.00    2.38   65.2  662.2   -0.6   -1.3    2.73    0.01   -1.45
54545.005  2008-03-20  00:07  0.994  -7.20    0.00    2.39   65.2  662.1   -0.6   -1.3    2.73    0.01   -1.45
54545.007  2008-03-20  00:10  0.994  -7.20    0.00    2.39   65.2  661.9   -0.6   -1.3    2.73    0.01   -1.45
54545.009  2008-03-20  00:13  0.994  -7.20    0.00    2.39   65.1  661.8   -0.6   -1.3    2.73    0.01   -1.45
54545.011  2008-03-20  00:16  0.994  -7.20    0.00    2.39   65.1  661.6   -0.6   -1.3    2.73    0.01   -1.45
54545.013  2008-03-20  00:19  0.994  -7.20    0.00    2.39   65.1  661.4   -0.6   -1.3    2.73    0.01   -1.45
54545.015  2008-03-20  00:22  0.994  -7.20    0.00    2.39   65.1  661.3   -0.6   -1.3    2.73    0.01   -1.45
54545.017  2008-03-20  00:25  0.994  -7.20    0.00    2.39   65.0  661.1   -0.6   -1.2    2.73    0.01   -1.45
54545.019  2008-03-20  00:28  0.994  -7.20    0.00    2.39   65.0  661.0   -0.7   -1.2    2.73    0.01   -1.45
54545.022  2008-03-20  00:31  0.994  -7.20    0.00    2.39   65.0  660.8   -0.7   -1.2    2.73    0.01   -1.45
54545.024  2008-03-20  00:34  0.994  -7.20    0.00    2.40   64.9  660.7   -0.7   -1.2    2.72    0.01   -1.45
54545.026  2008-03-20  00:37  0.994  -7.20    0.00    2.40   64.9  660.5   -0.7   -1.2    2.72    0.01   -1.45
54545.028  2008-03-20  00:39  0.994  -7.20    0.00    2.40   64.9  660.4   -0.7   -1.2    2.72    0.01   -1.45
54545.030  2008-03-20  00:42  0.994  -7.20    0.00    2.40   64.8  660.2   -0.7   -1.2    2.72    0.01   -1.45
54545.032  2008-03-20  00:45  0.994  -7.20    0.00    2.40   64.8  660.0   -0.7   -1.1    2.72    0.01   -1.45
54545.034  2008-03-20  00:48  0.994  -7.20    0.00    2.40   64.8  659.9   -0.7   -1.1    2.72    0.01   -1.45
54545.036  2008-03-20  00:51  0.994  -7.20    0.00    2.40   64.7  659.7   -0.7   -1.1    2.72    0.01   -1.45
54545.038  2008-03-20  00:54  0.994  -7.20    0.00    2.40   64.7  659.6   -0.7   -1.1    2.72    0.01   -1.45
54545.040  2008-03-20  00:57  0.994  -7.20    0.00    2.40   64.7  659.4   -0.7   -1.1    2.72    0.01   -1.45
54545.042  2008-03-20  01:00  0.994  -7.20    0.00    2.41   64.6  659.3   -0.7   -1.1    2.72    0.01   -1.45
54545.044  2008-03-20  01:03  0.994  -7.20    0.00    2.41   64.6  659.1   -0.7   -1.1    2.72    0.01   -1.45
54545.046  2008-03-20  01:06  0.994  -7.20    0.00    2.41   64.6  658.9   -0.7   -1.0    2.72    0.01   -1.45
54545.049  2008-03-20  01:09  0.994  -7.20    0.00    2.41   64.5  658.8   -0.7   -1.0    2.72    0.01   -1.45
54545.051  2008-03-20  01:12  0.994  -7.20    0.00    2.41   64.5  658.6   -0.7   -1.0    2.72    0.01   -1.45
54545.053  2008-03-20  01:15  0.994  -7.20    0.00    2.41   64.5  658.5   -0.7   -1.0    2.72    0.01   -1.45
54545.055  2008-03-20  01:18  0.994  -7.20    0.00    2.41   64.4  658.3   -0.7   -1.0    2.72    0.01   -1.45
54545.057  2008-03-20  01:21  0.994  -7.20    0.00    2.41   64.4  658.2   -0.7   -1.0    2.72    0.01   -1.45
54545.059  2008-03-20  01:24  0.994  -7.20    0.00    2.41   64.4  658.0   -0.7   -0.9    2.72    0.01   -1.45
54545.061  2008-03-20  01:27  0.994  -7.20    0.00    2.41   64.3  657.9   -0.7   -0.9    2.72    0.01   -1.45
54545.063  2008-03-20  01:30  0.994  -7.20    0.00    2.42   64.3  657.7   -0.7   -0.9    2.72    0.01   -1.45
54545.065  2008-03-20  01:33  0.994  -7.20    0.00    2.42   64.3  657.5   -0.7   -0.9    2.72    0.01   -1.45
54545.067  2008-03-20  01:36  0.994  -7.20    0.00    2.42   64.2  657.4   -0.7   -0.9    2.72    0.01   -1.45
54545.069  2008-03-20  01:39  0.994  -7.20    0.00    2.42   64.2  657.2   -0.7   -0.9    2.72    0.01   -1.45
54545.071  2008-03-20  01:42  0.994  -7.20    0.00    2.42   64.2  657.1   -0.7   -0.9    2.72    0.01   -1.45
54545.073  2008-03-20  01:45  0.994  -7.20    0.00    2.42   64.1  656.9   -0.7   -0.8    2.72    0.01   -1.45
54545.075  2008-03-20  01:48  0.994  -7.20    0.00    2.42   64.1  656.8   -0.7   -0.8    2.72    0.01   -1.45
54545.078  2008-03-20  01:51  0.994  -7.20    0.00    2.42   64.1  656.6   -0.7   -0.8    2.72    0.01   -1.45
54545.080  2008-03-20  01:54  0.994  -7.20    0.00    2.42   64.0  656.4   -0.7   -0.8    2.72    0.01   -1.45
54545.082  2008-03-20  01:57  0.994  -7.20    0.00    2.42   64.0  656.3   -0.7   -0.8    2.71    0.01   -1.45
54545.084  2008-03-20  02:00  0.994  -7.20    0.00    2.43   64.0  656.1   -0.7   -0.8    2.71    0.01   -1.45
54545.086  2008-03-20  02:03  0.994  -7.20    0.00    2.43   63.9  656.0   -0.7   -0.7    2.71    0.01   -1.45
54545.088  2008-03-20  02:06  0.994  -7.20    0.00    2.43   63.9  655.8   -0.7   -0.7    2.71    0.01   -1.45
54545.090  2008-03-20  02:09  0.994  -7.20    0.00    2.43   63.9  655.7   -0.7   -0.7    2.71    0.01   -1.45
54545.092  2008-03-20  02:12  0.994  -7.20    0.00    2.43   63.8  655.5   -0.7   -0.7    2.71    0.01   -1.45
54545.094  2008-03-20  02:15  0.994  -7.20    0.00    2.43   63.8  655.3   -0.8   -0.7    2.71    0.01   -1.45
54545.096  2008-03-20  02:18  0.994  -7.20    0.00    2.43   63.8  655.2   -0.8   -0.7    2.71    0.01   -1.45
54545.098  2008-03-20  02:21  0.994  -7.20    0.00    2.43   63.7  655.0   -0.8   -0.7    2.71    0.01   -1.45
54545.100  2008-03-20  02:24  0.994  -7.20    0.00    2.43   63.7  654.9   -0.8   -0.6    2.71    0.01   -1.45
54545.102  2008-03-20  02:27  0.994  -7.20    0.00    2.44   63.7  654.7   -0.8   -0.6    2.71    0.01   -1.45
54545.104  2008-03-20  02:30  0.994  -7.20    0.00    2.44   63.7  654.5   -0.8   -0.6    2.71    0.01   -1.45
54545.106  2008-03-20  02:33  0.994  -7.20    0.00    2.44   63.6  654.4   -0.8   -0.6    2.71    0.01   -1.45
54545.109  2008-03-20  02:36  0.994  -7.20    0.00    2.44   63.6  654.2   -0.8   -0.6    2.71    0.01   -1.45
54545.111  2008-03-20  02:39  0.994  -7.20    0.00    2.44   63.6  654.1   -0.8   -0.6    2.71    0.01   -1.45
54545.113  2008-03-20  02:42  0.994  -7.20    0.00    2.44   63.5  653.9   -0.8   -0.5    2.71    0.01   -1.45
54545.115  2008-03-20  02:45  0.994  -7.20    0.00    2.44   63.5  653.7   -0.8   -0.5    2.71    0.01   -1.45
54545.117  2008-03-20  02:48  0.994  -7.20    0.00    2.44   63.5  653.6   -0.8   -0.5    2.71    0.01   -1.45
54545.119  2008-03-20  02:51  0.994  -7.20    0.00    2.44   63.4  653.4   -0.8   -0.5    2.71    0.01   -1.45
54545.121  2008-03-20  02:54  0.994  -7.20    0.00    2.45   63.4  653.3   -0.8   -0.5    2.71    0.01   -1.45
54545.123  2008-03-20  02:57  0.994  -7.20    0.00    2.45   63.4  653.1   -0.8   -0.5    2.71    0.01   -1.45
54545.125  2008-03-20  03:00  0.994  -7.20    0.00    2.45   63.3  653.0   -0.8   -0.5    2.71    0.01   -1.45
54545.127  2008-03-20  03:03  0.994  -7.20    0.00    2.45   63.3  652.8   -0.8   -0.4    2.71    0.01   -1.45
54545.129  2008-03-20  03:06  0.994  -7.20    0.00    2.45   63.3  652.6   -0.8   -0.4    2.71    0.01   -1.45
54545.131  2008-03-20  03:08  0.994  -7.20    0.00    2.45   63.2  652.5   -0.8   -0.4    2.71    0.01   -1.45
54545.133  2008-03-20  03:11  0.994  -7.20    0.00    2.45   63.2  652.3   -0.8   -0.4    2.71    0.01   -1.45
54545.135  2008-03-20  03:14  0.994  -7.20    0.00    2.45   63.2  652.1   -0.8   -0.4    2.71    0.01   -1.45
54545.137  2008-03-20  03:17  0.994  -7.20    0.00    2.46   63.1  652.0   -0.8   -0.4    2.71    0.01   -1.45
54545.140  2008-03-20  03:20  0.994  -7.20    0.00    2.46   63.1  651.8   -0.8   -0.3    2.71    0.01   -1.45
54545.142  2008-03-20  03:23  0.994  -7.20    0.00    2.46   63.1  651.7   -0.8   -0.3    2.71    0.01   -1.45
54545.144  2008-03-20  03:26  0.994  -7.20    0.00    2.46   63.0  651.5   -0.8   -0.3    2.71    0.01   -1.45
54545.146  2008-03-20  03:29  0.994  -7.20    0.00    2.46   63.0  651.4   -0.8   -0.3    2.71    0.01   -1.45
54545.148  2008-03-20  03:32  0.994  -7.20    0.00    2.46   63.0  651.2   -0.9   -0.3    2.71    0.01   -1.46
54545.150  2008-03-20  03:35  0.994  -7.20    0.00    2.46   62.9  651.0   -0.9   -0.3    2.71    0.01   -1.46
54545.152  2008-03-20  03:38  0.994  -7.20    0.00    2.47   62.9  650.9   -0.9   -0.3    2.71    0.01   -1.46
54545.154  2008-03-20  03:41  0.994  -7.20    0.00    2.47   62.9  650.7   -0.9   -0.2    2.71    0.01   -1.46
54545.156  2008-03-20  03:44  0.994  -7.20    0.00    2.47   62.9  650.6   -0.9   -0.2    2.71    0.01   -1.46
54545.158  2008-03-20  03:47  0.994  -7.20    0.00    2.47   62.8  650.4   -0.9   -0.2    2.71    0.01   -1.46
54545.160  2008-03-20  03:50  0.994  -7.20    0.00    2.47   62.8  650.3   -0.9   -0.2    2.71    0.01   -1.46
54545.162  2008-03-20  03:53  0.994  -7.20    0.00    2.47   62.8  650.1   -0.9   -0.2    2.71    0.01   -1.46
54545.164  2008-03-20  03:56  0.994  -7.20    0.00    2.47   62.7  650.0   -0.9   -0.2    2.71    0.01   -1.46
54545.166  2008-03-20  03:59  0.994  -7.20    0.00    2.48   62.7  649.8   -0.9   -0.2    2.71    0.01   -1.46
54545.169  2008-03-20  04:02  0.994  -7.20    0.00    2.48   62.7  649.7   -0.9   -0.1    2.71    0.01   -1.46
54545.171  2008-03-20  04:05  0.994  -7.20    0.00    2.48   62.7  649.5   -0.9   -0.1    2.71    0.01   -1.46
54545.173  2008-03-20  04:08  0.994  -7.20    0.00    2.48   62.6  649.4   -0.9   -0.1    2.71    0.01   -1.46
54545.175  2008-03-20  04:11  0.994  -7.20    0.00    2.48   62.6  649.2   -0.9   -0.1    2.71    0.01   -1.46
54545.177  2008-03-20  04:14  0.994  -7.20    0.00    2.48   62.6  649.1   -0.9   -0.1    2.71    0.01   -1.46
54545.179  2008-03-20  04:17  0.994  -7.20    0.00    2.49   62.5  648.9   -0.9   -0.1    2.71    0.01   -1.46
54545.181  2008-03-20  04:20  0.994  -7.20    0.00    2.49   62.5  648.7   -0.9   -0.1    2.71    0.01   -1.46
54545.183  2008-03-20  04:23  0.994  -7.20    0.00    2.49   62.5  648.6   -0.9   -0.0    2.71    0.01   -1.46
54545.185  2008-03-20  04:26  0.994  -7.20    0.00    2.49   62.5  648.4   -0.9   -0.0    2.71    0.01   -1.46
54545.187  2008-03-20  04:29  0.994  -7.20    0.00    2.49   62.4  648.3   -0.9   -0.0    2.71    0.01   -1.46
54545.189  2008-03-20  04:32  0.994  -7.20    0.00    2.49   62.4  648.1   -0.9   -0.0    2.71    0.01   -1.46
54545.191  2008-03-20  04:35  0.994  -7.20    0.00    2.49   62.4  648.0   -0.9    0.0    2.71    0.01   -1.46
54545.193  2008-03-20  04:38  0.994  -7.20    0.00    2.50   62.4  647.8   -0.9    0.0    2.71    0.01   -1.46
54545.196  2008-03-20  04:41  0.994  -7.20    0.00    2.50   62.3  647.7   -0.9    0.0    2.71    0.01   -1.46
54545.198  2008-03-20  04:44  0.994  -7.20    0.00    2.50   62.3  647.5   -0.9    0.0    2.71    0.01   -1.46
54545.200  2008-03-20  04:47  0.994  -7.20    0.00    2.50   62.3  647.4   -0.9    0.1    2.71    0.01   -1.46
54545.202  2008-03-20  04:50  0.994  -7.20    0.00    2.50   62.2  647.2   -0.9    0.1    2.71    0.01   -1.46
54545.204  2008-03-20  04:53  0.994  -7.20    0.00    2.50   62.2  647.1   -0.9    0.1    2.71    0.01   -1.46
54545.206  2008-03-20  04:56  0.994  -7.20    0.00    2.50   62.2  646.9   -0.9    0.1    2.71    0.01   -1.46
54545.208  2008-03-20  04:59  0.994  -7.20    0.00    2.50   62.2  646.8   -0.9    0.1    2.71    0.01   -1.46
54545.210  2008-03-20  05:02  0.994  -7.20    0.00    2.51   62.1  646.6   -0.9    0.1    2.71    0.01   -1.46
54545.212  2008-03-20  05:05  0.994  -7.20    0.00    2.51   62.1  646.5   -0.9    0.1    2.71    0.01   -1.46
54545.214  2008-03-20  05:08  0.994  -7.20    0.00    2.51   62.1  646.3   -0.9    0.1    2.71    0.01   -1.46
54545.216  2008-03-20  05:11  0.994  -7.20    0.00    2.51   62.1  646.2   -0.9    0.2    2.71    0.01   -1.46
54545.218  2008-03-20  05:14  0.994  -7.20    0.00    2.51   62.0  646.0   -0.9    0.2    2.71    0.01   -1.46
54545.220  2008-03-20  05:17  0.994  -7.20    0.00    2.51   62.0  645.9   -0.9    0.2    2.71    0.01   -1.46
54545.222  2008-03-20  05:20  0.994  -7.20    0.00    2.51   62.0  645.7   -0.9    0.2    2.71    0.01   -1.47
54545.225  2008-03-20  05:23  0.994  -7.20    0.00    2.51   61.9  645.6   -1.0    0.2    2.71    0.01   -1.47
54545.227  2008-03-20  05:26  0.994  -7.20    0.00    2.52   61.9  645.4   -1.0    0.2    2.71    0.01   -1.47
54545.229  2008-03-20  05:29  0.994  -7.20    0.00    2.52   61.9  645.3   -1.0    0.2    2.71    0.01   -1.47
54545.231  2008-03-20  05:32  0.994  -7.20    0.00    2.52   61.9  645.1   -1.0    0.2    2.71    0.01   -1.47
54545.233  2008-03-20  05:35  0.994  -7.20    0.00    2.52   61.8  645.0   -1.0    0.2    2.71    0.01   -1.47
54545.235  2008-03-20  05:38  0.994  -7.20    0.00    2.52   61.8  644.8   -1.0    0.3    2.71    0.01   -1.47
54545.237  2008-03-20  05:41  0.994  -7.20    0.00    2.52   61.8  644.7   -1.0    0.3    2.71    0.01   -1.47
54545.239  2008-03-20  05:44  0.994  -7.20    0.00    2.52   61.7  644.5   -1.0    0.3    2.71    0.01   -1.47
54545.241  2008-03-20  05:47  0.994  -7.20    0.00    2.52   61.7  644.4   -1.0    0.3    2.71    0.01   -1.47
54545.243  2008-03-20  05:50  0.994  -7.20    0.00    2.53   61.7  644.2   -1.0    0.3    2.71    0.01   -1.47
54545.245  2008-03-20  05:53  0.994  -7.20    0.00    2.53   61.7  644.1   -1.0    0.3    2.71    0.01   -1.47
54545.247  2008-03-20  05:56  0.994  -7.20    0.00    2.53   61.6  643.9   -1.0    0.3    2.71    0.01   -1.47
54545.249  2008-03-20  05:59  0.994  -7.20    0.00    2.53   61.6  643.8   -1.0    0.3    2.71    0.01   -1.47
54545.251  2008-03-20  06:02  0.994  -7.20    0.00    2.53   61.6  643.6   -1.0    0.3    2.71    0.01   -1.47
54545.253  2008-03-20  06:05  0.994  -7.20    0.00    2.53   61.5  643.5   -1.0    0.4    2.71    0.01   -1.47
54545.256  2008-03-20  06:07  0.994  -7.20    0.00    2.53   61.5  643.3   -1.0    0.4    2.71    0.01   -1.47
54545.258  2008-03-20  06:10  0.994  -7.20    0.00    2.54   61.5  643.2   -1.0    0.4    2.71    0.01   -1.47
54545.260  2008-03-20  06:13  0.994  -7.20    0.00    2.54   61.5  643.0   -1.0    0.4    2.71    0.01   -1.47
54545.262  2008-03-20  06:16  0.994  -7.20    0.00    2.54   61.4  642.9   -1.0    0.4    2.71    0.01   -1.47
54545.264  2008-03-20  06:19  0.994  -7.20    0.00    2.54   61.4  642.7   -1.0    0.4    2.71    0.01   -1.47
54545.266  2008-03-20  06:22  0.994  -7.20    0.00    2.54   61.4  642.6   -1.0    0.4    2.71    0.01   -1.47
54545.268  2008-03-20  06:25  0.994  -7.20    0.00    2.54   61.3  642.4   -1.0    0.4    2.71    0.01   -1.47
54545.270  2008-03-20  06:28  0.994  -7.20    0.00    2.54   61.3  642.3   -1.0    0.4    2.71    0.01   -1.47
54545.272  2008-03-20  06:31  0.994  -7.20    0.00    2.54   61.3  642.1   -1.0    0.5    2.71    0.01   -1.47
54545.274  2008-03-20  06:34  0.994  -7.20    0.00    2.55   61.3  642.0   -1.0    0.5    2.71    0.01   -1.47
54545.276  2008-03-20  06:37  0.994  -7.20    0.00    2.55   61.2  641.8   -1.0    0.5    2.71    0.01   -1.47
54545.278  2008-03-20  06:40  0.994  -7.20    0.00    2.55   61.2  641.7   -1.0    0.5    2.71    0.01   -1.47
54545.280  2008-03-20  06:43  0.994  -7.20    0.00    2.55   61.2  641.5   -1.0    0.5    2.71    0.01   -1.47
54545.282  2008-03-20  06:46  0.994  -7.20    0.00    2.55   61.2  641.4   -1.0    0.5    2.71    0.01   -1.47
54545.284  2008-03-20  06:49  0.994  -7.20    0.00    2.55   61.1  641.2   -1.0    0.5    2.71    0.01   -1.47
54545.287  2008-03-20  06:52  0.994  -7.20    0.00    2.56   61.1  641.1   -1.0    0.5    2.71    0.01   -1.47
54545.289  2008-03-20  06:55  0.994  -7.20    0.00    2.56   61.1  640.9   -1.0    0.5    2.71    0.01   -1.47
54545.291  2008-03-20  06:58  0.994  -7.20    0.00    2.56   61.1  640.8   -1.0    0.5    2.71    0.01   -1.47
54545.293  2008-03-20  07:01  0.994  -7.20    0.00    2.56   61.0  640.6   -1.0    0.5    2.71    0.01   -1.47
54545.295  2008-03-20  07:04  0.994  -7.20    0.00    2.56   61.0  640.5   -1.0    0.6    2.71    0.01   -1.47
54545.297  2008-03-20  07:07  0.994  -7.20    0.00    2.56   61.0  640.4   -1.0    0.6    2.71    0.01   -1.48
54545.299  2008-03-20  07:10  0.994  -7.20    0.00    2.57   61.0  640.2   -1.0    0.6    2.71    0.01   -1.48
54545.301  2008-03-20  07:13  0.994  -7.20    0.00    2.57   61.0  640.1   -1.0    0.6    2.71    0.01   -1.48
54545.303  2008-03-20  07:16  0.994  -7.20    0.00    2.57   60.9  639.9   -1.0    0.6    2.71    0.01   -1.48
54545.305  2008-03-20  07:19  0.994  -7.20    0.00    2.57   60.9  639.8   -1.0    0.6    2.71    0.01   -1.48
54545.307  2008-03-20  07:22  0.994  -7.20    0.00    2.57   60.9  639.7   -1.0    0.6    2.71    0.01   -1.48
54545.309  2008-03-20  07:25  0.994  -7.20    0.00    2.58   60.9  639.5   -1.0    0.6    2.71    0.01   -1.48
54545.311  2008-03-20  07:28  0.994  -7.20    0.00    2.58   60.8  639.4   -1.0    0.6    2.71    0.01   -1.48
54545.314  2008-03-20  07:31  0.994  -7.20    0.00    2.58   60.8  639.3   -1.0    0.6    2.72    0.01   -1.48
54545.316  2008-03-20  07:34  0.994  -7.20    0.00    2.58   60.8  639.1   -1.0    0.6    2.72    0.01   -1.48
54545.318  2008-03-20  07:37  0.994  -7.20    0.00    2.58   60.8  639.0   -1.0    0.6    2.72    0.01   -1.48
54545.320  2008-03-20  07:40  0.994  -7.20    0.00    2.58   60.8  638.9   -1.0    0.6    2.72    0.01   -1.48
54545.322  2008-03-20  07:43  0.994  -7.20    0.00    2.59   60.8  638.7   -1.0    0.6    2.72    0.01   -1.48
54545.324  2008-03-20  07:46  0.994  -7.20    0.00    2.59   60.7  638.6   -1.0    0.7    2.72    0.01   -1.48
54545.326  2008-03-20  07:49  0.994  -7.20    0.00    2.59   60.7  638.5   -1.0    0.7    2.72    0.01   -1.48
54545.328  2008-03-20  07:52  0.994  -7.20    0.00    2.59   60.7  638.3   -1.0    0.7    2.72    0.01   -1.48
54545.330  2008-03-20  07:55  0.994  -7.20    0.00    2.59   60.7  638.2   -1.0    0.7    2.72    0.01   -1.48
54545.332  2008-03-20  07:58  0.994  -7.20    0.00    2.59   60.7  638.1   -1.0    0.7    2.72    0.01   -1.48
54545.334  2008-03-20  08:01  0.994  -7.20    0.00    2.60   60.6  637.9   -1.0    0.7    2.72    0.01   -1.48
54545.336  2008-03-20  08:04  0.994  -7.20    0.00    2.60   60.6  637.8   -1.0    0.7    2.72    0.01   -1.48
54545.338  2008-03-20  08:07  0.994  -7.20    0.00    2.60   60.6  637.7   -1.0    0.7    2.72    0.01   -1.48
54545.340  2008-03-20  08:10  0.994  -7.20    0.00    2.60   60.6  637.5   -1.0    0.7    2.72    0.01   -1.48
54545.343  2008-03-20  08:13  0.994  -7.20    0.00    2.60   60.6  637.4   -1.0    0.7    2.72    0.01   -1.48
54545.345  2008-03-20  08:16  0.994  -7.20    0.00    2.60   60.5  637.3   -1.0    0.7    2.72    0.01   -1.48
54545.347  2008-03-20  08:19  0.994  -7.20    0.00    2.60   60.5  637.1   -1.0    0.7    2.72    0.01   -1.48
54545.349  2008-03-20  08:22  0.994  -7.20    0.00    2.61   60.5  637.0   -1.0    0.7    2.72    0.01   -1.48
54545.351  2008-03-20  08:25  0.994  -7.20    0.00    2.61   60.5  636.9   -1.0    0.7    2.72    0.01   -1.48
54545.353  2008-03-20  08:28  0.994  -7.20    0.00    2.61   60.5  636.7   -1.0    0.7    2.72    0.01   -1.49
54545.355  2008-03-20  08:31  0.994  -7.20    0.00    2.61   60.4  636.6   -1.0    0.7    2.72    0.01   -1.49
54545.357  2008-03-20  08:34  0.994  -7.20    0.00    2.61   60.4  636.5   -1.0    0.7    2.72    0.01   -1.49
54545.359  2008-03-20  08:37  0.994  -7.20    0.00    2.61   60.4  636.3   -1.0    0.7    2.72    0.01   -1.49
54545.361  2008-03-20  08:40  0.994  -7.20    0.00    2.62   60.4  636.2   -1.0    0.8    2.72    0.01   -1.49
54545.363  2008-03-20  08:43  0.994  -7.20    0.00    2.62   60.3  636.1   -1.0    0.8    2.72    0.01   -1.49
54545.365  2008-03-20  08:46  0.994  -7.20    0.00    2.62   60.3  635.9   -1.0    0.8    2.72    0.01   -1.49
54545.367  2008-03-20  08:49  0.994  -7.20    0.00    2.62   60.3  635.8   -1.0    0.8    2.72    0.01   -1.49
54545.369  2008-03-20  08:52  0.994  -7.20    0.00    2.62   60.3  635.7   -1.0    0.8    2.72    0.01   -1.49
54545.372  2008-03-20  08:55  0.994  -7.20    0.00    2.62   60.3  635.5   -1.0    0.8    2.72    0.01   -1.49
54545.374  2008-03-20  08:58  0.994  -7.20    0.00    2.62   60.2  635.4   -1.0    0.8    2.72    0.01   -1.49
54545.376  2008-03-20  09:01  0.994  -7.20    0.00    2.62   60.2  635.3   -1.0    0.8    2.72    0.01   -1.49
54545.378  2008-03-20  09:03  0.994  -7.20    0.00    2.63   60.2  635.1   -1.0    0.8    2.72    0.01   -1.49
54545.380  2008-03-20  09:06  0.994  -7.20    0.00    2.63   60.2  635.0   -1.0    0.8    2.72    0.01   -1.49
54545.382  2008-03-20  09:09  0.994  -7.20    0.00    2.63   60.2  634.9   -1.0    0.8    2.72    0.01   -1.49
54545.384  2008-03-20  09:12  0.994  -7.20    0.00    2.63   60.1  634.8   -1.0    0.8    2.72    0.01   -1.49
54545.386  2008-03-20  09:15  0.994  -7.20    0.00    2.63   60.1  634.6   -1.0    0.8    2.72    0.01   -1.49
54545.388  2008-03-20  09:18  0.994  -7.20    0.00    2.63   60.1  634.5   -1.0    0.8    2.72    0.01   -1.49
54545.390  2008-03-20  09:21  0.994  -7.20    0.00    2.63   60.1  634.4   -1.0    0.8    2.72    0.01   -1.49
54545.392  2008-03-20  09:24  0.994  -7.20    0.00    2.64   60.1  634.2   -1.0    0.8    2.72    0.01   -1.49
54545.394  2008-03-20  09:27  0.994  -7.20    0.00    2.64   60.0  634.1   -1.0    0.8    2.72    0.01   -1.49
54545.396  2008-03-20  09:30  0.994  -7.20    0.00    2.64   60.0  634.0   -1.0    0.8    2.72    0.01   -1.49
54545.398  2008-03-20  09:33  0.994  -7.20    0.00    2.64   60.0  633.8   -1.0    0.8    2.72    0.01   -1.49
54545.401  2008-03-20  09:36  0.994  -7.20    0.00    2.64   60.0  633.7   -1.0    0.8    2.72    0.01   -1.49
54545.403  2008-03-20  09:39  0.994  -7.20    0.00    2.64   60.0  633.6   -1.0    0.8    2.72    0.01   -1.49
54545.405  2008-03-20  09:42  0.994  -7.20    0.00    2.64   60.0  633.4   -1.0    0.8    2.72    0.01   -1.49
54545.407  2008-03-20  09:45  0.994  -7.20    0.00    2.65   59.9  633.3   -1.0    0.8    2.72    0.01   -1.49
54545.409  2008-03-20  09:48  0.994  -7.20    0.00    2.65   59.9  633.2   -1.0    0.9    2.72    0.01   -1.49
54545.411  2008-03-20  09:51  0.994  -7.20    0.00    2.65   59.9  633.0   -1.0    0.9    2.72    0.01   -1.49
54545.413  2008-03-20  09:54  0.994  -7.20    0.00    2.65   59.9  632.9   -1.0    0.9    2.72    0.01   -1.49
54545.415  2008-03-20  09:57  0.994  -7.20    0.00    2.65   59.9  632.8   -1.0    0.9    2.72    0.01   -1.49
54545.417  2008-03-20  10:00  0.994  -7.20    0.00    2.65   59.8  632.6   -1.0    0.9    2.72    0.01   -1.49
54545.419  2008-03-20  10:03  0.994  -7.20    0.00    2.66   59.8  632.5   -1.0    0.9    2.72    0.01   -1.49
54545.421  2008-03-20  10:06  0.994  -7.20    0.00    2.66   59.8  632.4   -1.0    0.9    2.72    0.01   -1.49
54545.423  2008-03-20  10:09  0.994  -7.20    0.00    2.66   59.8  632.2   -1.0    0.9    2.72    0.01   -1.49
54545.425  2008-03-20  10:12  0.994  -7.20    0.00    2.66   59.8  632.1   -1.0    0.9    2.72    0.01   -1.49
54545.427  2008-03-20  10:15  0.994  -7.20    0.00    2.66   59.8  632.0   -1.0    0.9    2.72    0.01   -1.49
54545.429  2008-03-20  10:18  0.994  -7.20    0.00    2.66   59.7  631.9   -1.0    0.9    2.72    0.01   -1.50
54545.432  2008-03-20  10:21  0.994  -7.20    0.00    2.66   59.7  631.7   -1.0    0.9    2.72    0.01   -1.50
54545.434  2008-03-20  10:24  0.994  -7.20    0.00    2.67   59.7  631.6   -1.0    0.9    2.72    0.01   -1.50
54545.436  2008-03-20  10:27  0.994  -7.20    0.00    2.67   59.7  631.5   -1.0    0.9    2.72    0.01   -1.50
54545.438  2008-03-20  10:30  0.994  -7.20    0.00    2.67   59.7  631.4   -1.0    0.9    2.72    0.01   -1.50
54545.440  2008-03-20  10:33  0.994  -7.20    0.00    2.67   59.7  631.2   -1.0    0.9    2.72    0.01   -1.50
54545.442  2008-03-20  10:36  0.994  -7.20    0.00    2.67   59.6  631.1   -1.0    0.9    2.72    0.01   -1.50
54545.444  2008-03-20  10:39  0.994  -7.20    0.00    2.67   59.6  631.0   -1.0    0.9    2.72    0.01   -1.50
54545.446  2008-03-20  10:42  0.994  -7.20    0.00    2.68   59.6  630.9   -1.0    0.9    2.72    0.01   -1.50
54545.448  2008-03-20  10:45  0.994  -7.20    0.00    2.68   59.6  630.7   -1.0    0.9    2.72    0.01   -1.50
54545.450  2008-03-20  10:48  0.994  -7.20    0.00    2.68   59.6  630.6   -1.0    0.9    2.72    0.01   -1.50
54545.452  2008-03-20  10:51  0.994  -7.20    0.00    2.68   59.6  630.5   -1.0    0.9    2.72    0.01   -1.50
54545.454  2008-03-20  10:54  0.994  -7.20    0.00    2.68   59.5  630.4   -1.0    0.9    2.72    0.01   -1.50
54545.456  2008-03-20  10:57  0.994  -7.19    0.00    2.68   59.5  630.2   -1.0    0.9    2.72    0.01   -1.50
54545.458  2008-03-20  11:00  0.994  -7.19    0.00    2.69   59.5  630.1   -1.0    0.9    2.72    0.01   -1.50
54545.461  2008-03-20  11:03  0.994  -7.19    0.00    2.69   59.5  630.0   -1.0    0.9    2.72    0.01   -1.50
54545.463  2008-03-20  11:06  0.994  -7.19    0.00    2.69   59.5  629.9   -1.0    0.9    2.72    0.01   -1.50
54545.465  2008-03-20  11:09  0.994  -7.19    0.00    2.69   59.5  629.7   -1.0    0.9    2.72    0.01   -1.50
54545.467  2008-03-20  11:12  0.994  -7.19    0.00    2.69   59.5  629.6   -1.0    0.9    2.72    0.01   -1.50
54545.469  2008-03-20  11:15  0.994  -7.19    0.00    2.69   59.4  629.5   -1.0    0.9    2.72    0.01   -1.50
54545.471  2008-03-20  11:18  0.994  -7.19    0.00    2.70   59.4  629.4   -1.0    0.9    2.72    0.01   -1.50
54545.473  2008-03-20  11:21  0.994  -7.19    0.00    2.70   59.4  629.2   -1.0    0.9    2.72    0.01   -1.50
54545.475  2008-03-20  11:24  0.994  -7.19    0.00    2.70   59.4  629.1   -1.0    0.9    2.72    0.01   -1.50
54545.477  2008-03-20  11:27  0.994  -7.19    0.00    2.70   59.4  629.0   -1.0    0.9    2.72    0.01   -1.50
54545.479  2008-03-20  11:30  0.994  -7.19    0.00    2.70   59.4  628.9   -1.0    0.9    2.72    0.01   -1.50
54545.481  2008-03-20  11:33  0.994  -7.19    0.00    2.70   59.3  628.7   -1.0    0.9    2.72    0.01   -1.50
54545.483  2008-03-20  11:36  0.994  -7.19    0.00    2.70   59.3  628.6   -1.0    0.9    2.72    0.01   -1.50
54545.485  2008-03-20  11:39  0.994  -7.19    0.00    2.71   59.3  628.5   -1.0    0.9    2.72    0.01   -1.50
54545.488  2008-03-20  11:42  0.994  -7.19    0.00    2.71   59.3  628.4   -1.0    0.9    2.72    0.01   -1.50
54545.490  2008-03-20  11:44  0.994  -7.19    0.00    2.71   59.3  628.2   -1.0    0.9    2.72    0.01   -1.50
54545.492  2008-03-20  11:47  0.994  -7.19    0.00    2.71   59.3  628.1   -1.0    0.9    2.72    0.01   -1.50
54545.494  2008-03-20  11:50  0.994  -7.19    0.00    2.71   59.2  628.0   -1.0    0.9    2.72    0.01   -1.50
54545.496  2008-03-20  11:53  0.994  -7.19    0.00    2.71   59.2  627.9   -1.0    0.9    2.72    0.01   -1.50
54545.498  2008-03-20  11:56  0.994  -7.19    0.00    2.71   59.2  627.7   -1.0    0.9    2.72    0.01   -1.50
54545.500  2008-03-20  11:59  0.994  -7.19    0.00    2.72   59.2  627.6   -1.0    0.9    2.72    0.01   -1.50
54545.502  2008-03-20  12:02  0.994  -7.19    0.00    2.72   59.2  627.5   -0.9    0.9    2.72    0.01   -1.50
54545.504  2008-03-20  12:05  0.994  -7.19    0.00    2.72   59.2  627.4   -0.9    0.9    2.72    0.01   -1.50
54545.506  2008-03-20  12:08  0.994  -7.19    0.00    2.72   59.2  627.2   -0.9    0.9    2.72    0.01   -1.50
54545.508  2008-03-20  12:11  0.994  -7.19    0.00    2.72   59.1  627.1   -0.9    0.9    2.72    0.01   -1.50
54545.510  2008-03-20  12:14  0.994  -7.19    0.00    2.72   59.1  627.0   -0.9    0.9    2.72    0.01   -1.51
54545.512  2008-03-20  12:17  0.994  -7.19    0.00    2.72   59.1  626.9   -0.9    0.9    2.72    0.01   -1.51
54545.514  2008-03-20  12:20  0.994  -7.19    0.00    2.72   59.1  626.7   -0.9    0.9    2.72    0.01   -1.51
54545.517  2008-03-20  12:23  0.994  -7.19    0.00    2.73   59.1  626.6   -0.9    0.9    2.72    0.01   -1.51
54545.519  2008-03-20  12:26  0.994  -7.19    0.00    2.73   59.1  626.5   -0.9    0.9    2.72    0.01   -1.51
54545.521  2008-03-20  12:29  0.994  -7.19    0.00    2.73   59.1  626.4   -0.9    0.9    2.72    0.01   -1.51
54545.523  2008-03-20  12:32  0.994  -7.19    0.00    2.73   59.0  626.3   -0.9    0.9    2.72    0.01   -1.51
54545.525  2008-03-20  12:35  0.994  -7.19    0.00    2.73   59.0  626.1   -0.9    0.9    2.72    0.01   -1.51
54545.527  2008-03-20  12:38  0.994  -7.19    0.00    2.73   59.0  626.0   -0.9    0.9    2.72    0.01   -1.51
54545.529  2008-03-20  12:41  0.994  -7.19    0.00    2.73   59.0  625.9   -0.9    0.9    2.72    0.01   -1.51
54545.531  2008-03-20  12:44  0.994  -7.19    0.00    2.73   59.0  625.8   -0.9    0.9    2.72    0.01   -1.51
54545.533  2008-03-20  12:47  0.994  -7.19    0.00    2.74   59.0  625.6   -0.9    0.9    2.72    0.01   -1.51
54545.535  2008-03-20  12:50  0.994  -7.19    0.00    2.74   59.0  625.5   -0.9    0.9    2.72    0.01   -1.51
54545.537  2008-03-20  12:53  0.994  -7.19    0.00    2.74   58.9  625.4   -0.9    0.9    2.72    0.01   -1.51
54545.539  2008-03-20  12:56  0.994  -7.19    0.00    2.74   58.9  625.3   -0.9    0.9    2.72    0.01   -1.51
54545.541  2008-03-20  12:59  0.994  -7.19    0.00    2.74   58.9  625.1   -0.9    0.9    2.72    0.01   -1.51
54545.543  2008-03-20  13:02  0.994  -7.19    0.00    2.74   58.9  625.0   -0.9    0.9    2.72    0.01   -1.51
54545.545  2008-03-20  13:05  0.994  -7.19    0.00    2.74   58.9  624.9   -0.9    0.9    2.72    0.01   -1.51
54545.548  2008-03-20  13:08  0.994  -7.19    0.00    2.75   58.9  624.8   -0.9    0.9    2.72    0.01   -1.51
54545.550  2008-03-20  13:11  0.994  -7.19    0.00    2.75   58.9  624.7   -0.9    0.9    2.72    0.01   -1.51
54545.552  2008-03-20  13:14  0.994  -7.19    0.00    2.75   58.8  624.5   -0.9    0.9    2.72    0.01   -1.51
54545.554  2008-03-20  13:17  0.994  -7.19    0.00    2.75   58.8  624.4   -0.9    0.9    2.72    0.01   -1.51
54545.556  2008-03-20  13:20  0.994  -7.19    0.00    2.75   58.8  624.3   -0.9    0.9    2.72    0.01   -1.51
54545.558  2008-03-20  13:23  0.994  -7.19    0.00    2.75   58.8  624.2   -0.9    0.9    2.72    0.01   -1.51
54545.560  2008-03-20  13:26  0.994  -7.19    0.00    2.75   58.8  624.1   -0.9    0.9    2.72    0.01   -1.51
54545.562  2008-03-20  13:29  0.994  -7.19    0.00    2.76   58.8  623.9   -0.9    0.9    2.72    0.01   -1.51
54545.564  2008-03-20  13:32  0.994  -7.19    0.00    2.76   58.8  623.8   -0.9    0.9    2.72    0.01   -1.51
54545.566  2008-03-20  13:35  0.994  -7.19    0.00    2.76   58.7  623.7   -0.9    0.9    2.72    0.01   -1.51
54545.568  2008-03-20  13:38  0.994  -7.19    0.00    2.76   58.7  623.6   -0.8    0.9    2.72    0.01   -1.51
54545.570  2008-03-20  13:41  0.994  -7.19    0.00    2.76   58.7  623.5   -0.8    0.9    2.72    0.01   -1.51
54545.572  2008-03-20  13:44  0.994  -7.19    0.00    2.76   58.7  623.3   -0.8    0.9    2.72    0.01   -1.51
54545.574  2008-03-20  13:47  0.994  -7.19    0.00    2.76   58.7  623.2   -0.8    0.9    2.72    0.01   -1.51
54545.576  2008-03-20  13:50  0.994  -7.19    0.00    2.77   58.7  623.1   -0.8    0.9    2.72    0.01   -1.51
54545.579  2008-03-20  13:53  0.994  -7.19    0.00    2.77   58.7  623.0   -0.8    0.9    2.72    0.01   -1.51
54545.581  2008-03-20  13:56  0.994  -7.19    0.00    2.77   58.7  622.9   -0.8    0.9    2.72    0.01   -1.51
54545.583  2008-03-20  13:59  0.994  -7.19    0.00    2.77   58.6  622.7   -0.8    0.9    2.72    0.01   -1.51
54545.585  2008-03-20  14:02  0.994  -7.19    0.00    2.77   58.6  622.6   -0.8    0.9    2.72    0.01   -1.51
54545.587  2008-03-20  14:05  0.994  -7.19    0.00    2.77   58.6  622.5   -0.8    0.9    2.72    0.01   -1.51
54545.589  2008-03-20  14:08  0.994  -7.19    0.00    2.77   58.6  622.4   -0.8    0.9    2.72    0.01   -1.51
54545.591  2008-03-20  14:10  0.994  -7.19    0.00    2.78   58.6  622.2   -0.8    0.9    2.72    0.01   -1.51
54545.593  2008-03-20  14:13  0.994  -7.19    0.00    2.78   58.6  622.1   -0.8    0.9    2.72    0.01   -1.51
54545.595  2008-03-20  14:16  0.994  -7.19    0.00    2.78   58.6  622.0   -0.8    0.9    2.72    0.01   -1.51
54545.597  2008-03-20  14:19  0.994  -7.19    0.00    2.78   58.6  621.9   -0.8    0.9    2.72    0.01   -1.51
54545.599  2008-03-20  14:22  0.994  -7.19    0.00    2.78   58.5  621.8   -0.8    0.9    2.72    0.01   -1.51
54545.601  2008-03-20  14:25  0.994  -7.19    0.00    2.78   58.5  621.6   -0.8    0.9    2.72    0.01   -1.51
54545.603  2008-03-20  14:28  0.994  -7.19    0.00    2.78   58.5  621.5   -0.8    0.9    2.72    0.01   -1.52
54545.605  2008-03-20  14:31  0.994  -7.19    0.00    2.79   58.5  621.4   -0.8    0.9    2.72    0.01   -1.52
54545.608  2008-03-20  14:34  0.994  -7.19    0.00    2.79   58.5  621.3   -0.8    0.9    2.72    0.01   -1.52
54545.610  2008-03-20  14:37  0.994  -7.19    0.00    2.79   58.5  621.1   -0.8    0.9    2.71    0.01   -1.52
54545.612  2008-03-20  14:40  0.994  -7.19    0.00    2.79   58.5  621.0   -0.8    0.9    2.71    0.01   -1.52
54545.614  2008-03-20  14:43  0.994  -7.19    0.00    2.79   58.5  620.9   -0.8    0.9    2.71    0.01   -1.52
54545.616  2008-03-20  14:46  0.994  -7.19    0.00    2.79   58.4  620.8   -0.8    0.9    2.71    0.01   -1.52
54545.618  2008-03-20  14:49  0.994  -7.19    0.00    2.79   58.4  620.7   -0.8    0.9    2.71    0.01   -1.52
54545.620  2008-03-20  14:52  0.994  -7.19    0.00    2.80   58.4  620.5   -0.8    0.9    2.71    0.01   -1.52
54545.622  2008-03-20  14:55  0.994  -7.19    0.00    2.80   58.4  620.4   -0.7    0.9    2.71    0.01   -1.52
54545.624  2008-03-20  14:58  0.994  -7.19    0.00    2.80   58.4  620.3   -0.7    0.9    2.71    0.01   -1.52
54545.626  2008-03-20  15:01  0.994  -7.19    0.00    2.80   58.4  620.2   -0.7    0.9    2.71    0.01   -1.52
54545.628  2008-03-20  15:04  0.994  -7.19    0.00    2.80   58.4  620.1   -0.7    0.9    2.71    0.01   -1.52
54545.630  2008-03-20  15:07  0.994  -7.19    0.00    2.80   58.4  619.9   -0.7    0.9    2.71    0.01   -1.52
54545.632  2008-03-20  15:10  0.994  -7.19    0.00    2.80   58.3  619.8   -0.7    0.9    2.71    0.01   -1.52
54545.635  2008-03-20  15:13  0.994  -7.19    0.00    2.80   58.3  619.7   -0.7    0.9    2.71    0.01   -1.52
54545.637  2008-03-20  15:16  0.994  -7.19    0.00    2.81   58.3  619.6   -0.7    0.9    2.71    0.01   -1.52
54545.639  2008-03-20  15:19  0.994  -7.19    0.00    2.81   58.3  619.4   -0.7    0.9    2.71    0.01   -1.52
54545.641  2008-03-20  15:22  0.994  -7.19    0.00    2.81   58.3  619.3   -0.7    0.9    2.71    0.01   -1.52
54545.643  2008-03-20  15:25  0.994  -7.19    0.00    2.81   58.3  619.2   -0.7    0.9    2.71    0.01   -1.52
54545.645  2008-03-20  15:28  0.994  -7.19    0.00    2.81   58.3  619.1   -0.7    0.9    2.71    0.01   -1.52
54545.647  2008-03-20  15:31  0.994  -7.19    0.00    2.81   58.2  619.0   -0.7    0.9    2.71    0.01   -1.52
54545.649  2008-03-20  15:34  0.994  -7.19    0.00    2.81   58.2  618.8   -0.7    0.9    2.71    0.01   -1.52
54545.651  2008-03-20  15:37  0.994  -7.19    0.00    2.81   58.2  618.7   -0.7    0.9    2.71    0.01   -1.52
54545.653  2008-03-20  15:40  0.994  -7.19    0.00    2.82   58.2  618.6   -0.7    0.9    2.71    0.01   -1.52
54545.655  2008-03-20  15:43  0.994  -7.19    0.00    2.82   58.2  618.5   -0.7    0.9    2.71    0.01   -1.52
54545.657  2008-03-20  15:46  0.994  -7.19    0.00    2.82   58.2  618.4   -0.7    0.9    2.71    0.01   -1.52
54545.659  2008-03-20  15:49  0.994  -7.19    0.00    2.82   58.2  618.2   -0.7    0.9    2.71    0.01   -1.52
54545.661  2008-03-20  15:52  0.994  -7.19    0.00    2.82   58.2  618.1   -0.6    0.9    2.71    0.01   -1.52
54545.664  2008-03-20  15:55  0.994  -7.19    0.00    2.82   58.1  618.0   -0.6    0.9    2.71    0.01   -1.52
54545.666  2008-03-20  15:58  0.994  -7.19    0.00    2.82   58.1  617.9   -0.6    0.9    2.71    0.01   -1.52
54545.668  2008-03-20  16:01  0.994  -7.19    0.00    2.82   58.1  617.7   -0.6    0.9    2.71    0.01   -1.52
54545.670  2008-03-20  16:04  0.994  -7.19    0.00    2.83   58.1  617.6   -0.6    0.9    2.71    0.01   -1.52
54545.672  2008-03-20  16:07  0.994  -7.19    0.00    2.83   58.1  617.5   -0.6    0.8    2.71    0.01   -1.52
54545.674  2008-03-20  16:10  0.994  -7.19    0.00    2.83   58.1  617.4   -0.6    0.8    2.71    0.01   -1.52
54545.676  2008-03-20  16:13  0.994  -7.19    0.00    2.83   58.0  617.3   -0.6    0.8    2.71    0.01   -1.52
54545.678  2008-03-20  16:16  0.994  -7.19    0.00    2.83   58.0  617.1   -0.6    0.8    2.71    0.01   -1.52
54545.680  2008-03-20  16:19  0.994  -7.19    0.00    2.83   58.0  617.0   -0.6    0.8    2.71    0.01   -1.52
54545.682  2008-03-20  16:22  0.994  -7.19    0.00    2.83   58.0  616.9   -0.6    0.8    2.71    0.01   -1.52
54545.684  2008-03-20  16:25  0.994  -7.19    0.00    2.83   58.0  616.8   -0.6    0.8    2.71    0.01   -1.52
54545.686  2008-03-20  16:28  0.994  -7.19    0.00    2.84   58.0  616.7   -0.6    0.8    2.71    0.01   -1.52
54545.688  2008-03-20  16:31  0.994  -7.19    0.00    2.84   58.0  616.5   -0.6    0.8    2.71    0.01   -1.52
54545.690  2008-03-20  16:34  0.994  -7.19    0.00    2.84   58.0  616.4   -0.6    0.8    2.71    0.01   -1.52
54545.693  2008-03-20  16:37  0.994  -7.19    0.00    2.84   57.9  616.3   -0.6    0.8    2.71    0.01   -1.52
54545.695  2008-03-20  16:40  0.994  -7.19    0.00    2.84   57.9  616.2   -0.6    0.8    2.71    0.01   -1.52
54545.697  2008-03-20  16:43  0.994  -7.19    0.00    2.84   57.9  616.1   -0.6    0.8    2.71    0.01   -1.52
54545.699  2008-03-20  16:46  0.994  -7.19    0.00    2.84   57.9  615.9   -0.5    0.8    2.71    0.01   -1.52
54545.701  2008-03-20  16:49  0.994  -7.19    0.00    2.85   57.9  615.8   -0.5    0.8    2.71    0.01   -1.52
54545.703  2008-03-20  16:52  0.994  -7.19    0.00    2.85   57.9  615.7   -0.5    0.8    2.71    0.01   -1.52
54545.705  2008-03-20  16:55  0.994  -7.19    0.00    2.85   57.9  615.6   -0.5    0.8    2.71    0.01   -1.52
54545.707  2008-03-20  16:58  0.994  -7.19    0.00    2.85   57.8  615.5   -0.5    0.8    2.71    0.01   -1.52
54545.709  2008-03-20  17:01  0.994  -7.19    0.00    2.85   57.8  615.4   -0.5    0.8    2.71    0.01   -1.52
54545.711  2008-03-20  17:04  0.994  -7.19    0.00    2.85   57.8  615.2   -0.5    0.8    2.71    0.01   -1.52
54545.713  2008-03-20  17:07  0.994  -7.19    0.00    2.85   57.8  615.1   -0.5    0.8    2.71    0.01   -1.52
54545.715  2008-03-20  17:09  0.994  -7.19    0.00    2.86   57.8  615.0   -0.5    0.8    2.71    0.01   -1.52
54545.717  2008-03-20  17:12  0.994  -7.19    0.00    2.86   57.8  614.9   -0.5    0.8    2.71    0.01   -1.52
54545.719  2008-03-20  17:15  0.994  -7.19    0.00    2.86   57.8  614.8   -0.5    0.8    2.71    0.01   -1.52
54545.721  2008-03-20  17:18  0.994  -7.19    0.00    2.86   57.8  614.7   -0.5    0.8    2.71    0.01   -1.52
54545.724  2008-03-20  17:21  0.994  -7.19    0.00    2.86   57.7  614.6   -0.5    0.8    2.71    0.01   -1.52
54545.726  2008-03-20  17:24  0.994  -7.19    0.00    2.86   57.7  614.4   -0.5    0.8    2.71    0.01   -1.53
54545.728  2008-03-20  17:27  0.994  -7.19    0.00    2.87   57.7  614.3   -0.5    0.8    2.71    0.01   -1.53
54545.730  2008-03-20  17:30  0.994  -7.19    0.00    2.87   57.7  614.2   -0.5    0.8    2.71    0.01   -1.53
54545.732  2008-03-20  17:33  0.994  -7.19    0.00    2.87   57.7  614.1   -0.5    0.8    2.71    0.01   -1.53
54545.734  2008-03-20  17:36  0.994  -7.19    0.00    2.87   57.7  614.0   -0.4    0.7    2.71    0.01   -1.53
54545.736  2008-03-20  17:39  0.994  -7.19    0.00    2.87   57.7  613.9   -0.4    0.7    2.71    0.01   -1.53
54545.738  2008-03-20  17:42  0.994  -7.19    0.00    2.87   57.7  613.7   -0.4    0.7    2.71    0.01   -1.53
54545.740  2008-03-20  17:45  0.994  -7.19    0.00    2.88   57.6  613.6   -0.4    0.7    2.71    0.01   -1.53
54545.742  2008-03-20  17:48  0.994  -7.19    0.00    2.88   57.6  613.5   -0.4    0.7    2.71    0.01   -1.53
54545.744  2008-03-20  17:51  0.994  -7.19    0.00    2.88   57.6  613.4   -0.4    0.7    2.71    0.01   -1.53
54545.746  2008-03-20  17:54  0.994  -7.19    0.00    2.88   57.6  613.3   -0.4    0.7    2.70    0.01   -1.53
54545.748  2008-03-20  17:57  0.994  -7.19    0.00    2.88   57.6  613.2   -0.4    0.7    2.70    0.01   -1.53
54545.750  2008-03-20  18:00  0.994  -7.19    0.00    2.88   57.6  613.0   -0.4    0.7    2.70    0.01   -1.53
54545.753  2008-03-20  18:03  0.994  -7.19    0.00    2.88   57.6  612.9   -0.4    0.7    2.70    0.01   -1.53
54545.755  2008-03-20  18:06  0.994  -7.19    0.00    2.89   57.6  612.8   -0.4    0.7    2.70    0.01   -1.53
54545.757  2008-03-20  18:09  0.994  -7.19    0.00    2.89   57.5  612.7   -0.4    0.7    2.70    0.01   -1.53
54545.759  2008-03-20  18:12  0.994  -7.19    0.00    2.89   57.5  612.6   -0.4    0.7    2.70    0.01   -1.53
54545.761  2008-03-20  18:15  0.994  -7.19    0.00    2.89   57.5  612.4   -0.4    0.7    2.70    0.01   -1.53
54545.763  2008-03-20  18:18  0.994  -7.19    0.00    2.89   57.5  612.3   -0.4    0.7    2.70    0.01   -1.53
54545.765  2008-03-20  18:21  0.994  -7.19    0.00    2.89   57.5  612.2   -0.4    0.7    2.70    0.01   -1.53
54545.767  2008-03-20  18:24  0.994  -7.19    0.00    2.89   57.5  612.1   -0.3    0.7    2.70    0.01   -1.53
54545.769  2008-03-20  18:27  0.994  -7.19    0.00    2.90   57.5  612.0   -0.3    0.7    2.70    0.01   -1.53
54545.771  2008-03-20  18:30  0.994  -7.19    0.00    2.90   57.5  611.9   -0.3    0.7    2.70    0.01   -1.53
54545.773  2008-03-20  18:33  0.994  -7.19    0.00    2.90   57.4  611.7   -0.3    0.7    2.70    0.01   -1.53
54545.775  2008-03-20  18:36  0.994  -7.19    0.00    2.90   57.4  611.6   -0.3    0.7    2.70    0.01   -1.53
54545.777  2008-03-20  18:39  0.994  -7.19    0.00    2.90   57.4  611.5   -0.3    0.7    2.70    0.01   -1.53
54545.779  2008-03-20  18:42  0.994  -7.19    0.00    2.90   57.4  611.4   -0.3    0.6    2.70    0.01   -1.53
54545.782  2008-03-20  18:45  0.994  -7.19    0.00    2.90   57.4  611.3   -0.3    0.6    2.70    0.01   -1.53
54545.784  2008-03-20  18:48  0.994  -7.19    0.00    2.91   57.4  611.1   -0.3    0.6    2.70    0.01   -1.53
54545.786  2008-03-20  18:51  0.994  -7.19    0.00    2.91   57.4  611.0   -0.3    0.6    2.70    0.01   -1.53
54545.788  2008-03-20  18:54  0.994  -7.19    0.00    2.91   57.4  610.9   -0.3    0.6    2.70    0.01   -1.53
54545.790  2008-03-20  18:57  0.994  -7.19    0.00    2.91   57.4  610.8   -0.3    0.6    2.70    0.01   -1.53
54545.792  2008-03-20  19:00  0.994  -7.19    0.00    2.91   57.3  610.7   -0.3    0.6    2.70    0.01   -1.53
54545.794  2008-03-20  19:03  0.994  -7.19    0.00    2.91   57.3  610.6   -0.3    0.6    2.70    0.01   -1.53
54545.796  2008-03-20  19:06  0.994  -7.19    0.00    2.91   57.3  610.4   -0.2    0.6    2.70    0.01   -1.53
54545.798  2008-03-20  19:09  0.994  -7.19    0.00    2.91   57.3  610.3   -0.2    0.6    2.70    0.01   -1.53
54545.800  2008-03-20  19:12  0.994  -7.19    0.00    2.92   57.3  610.2   -0.2    0.6    2.70    0.01   -1.53
54545.802  2008-03-20  19:15  0.994  -7.19    0.00    2.92   57.3  610.1   -0.2    0.6    2.70    0.01   -1.53
54545.804  2008-03-20  19:18  0.994  -7.19    0.00    2.92   57.3  610.0   -0.2    0.6    2.70    0.01   -1.53
54545.806  2008-03-20  19:21  0.994  -7.19    0.00    2.92   57.3  609.8   -0.2    0.6    2.70    0.01   -1.53
54545.809  2008-03-20  19:24  0.994  -7.19    0.00    2.92   57.2  609.7   -0.2    0.6    2.70    0.01   -1.53
54545.811  2008-03-20  19:27  0.994  -7.19    0.00    2.92   57.2  609.6   -0.2    0.6    2.70    0.01   -1.53
54545.813  2008-03-20  19:30  0.994  -7.19    0.00    2.92   57.2  609.5   -0.2    0.6    2.70    0.01   -1.53
54545.815  2008-03-20  19:33  0.994  -7.19    0.00    2.92   57.2  609.4   -0.2    0.6    2.70    0.01   -1.53
54545.817  2008-03-20  19:36  0.994  -7.19    0.00    2.93   57.2  609.3   -0.2    0.6    2.70    0.01   -1.53
54545.819  2008-03-20  19:39  0.994  -7.19    0.00    2.93   57.2  609.1   -0.2    0.6    2.70    0.01   -1.53
54545.821  2008-03-20  19:42  0.994  -7.19    0.00    2.93   57.2  609.0   -0.2    0.6    2.70    0.01   -1.53
54545.823  2008-03-20  19:45  0.994  -7.19    0.00    2.93   57.2  608.9   -0.1    0.6    2.70    0.01   -1.53
54545.825  2008-03-20  19:48  0.994  -7.19    0.00    2.93   57.1  608.8   -0.1    0.5    2.70    0.01   -1.53
54545.827  2008-03-20  19:51  0.994  -7.19    0.00    2.93   57.1  608.7   -0.1    0.5    2.70    0.01   -1.53
54545.829  2008-03-20  19:54  0.994  -7.19    0.00    2.93   57.1  608.5   -0.1    0.5    2.70    0.01   -1.53
54545.831  2008-03-20  19:57  0.994  -7.19    0.00    2.93   57.1  608.4   -0.1    0.5    2.70    0.01   -1.53
54545.833  2008-03-20  20:00  0.994  -7.19    0.00    2.94   57.1  608.3   -0.1    0.5    2.70    0.01   -1.53
54545.835  2008-03-20  20:03  0.994  -7.19    0.00    2.94   57.1  608.2   -0.1    0.5    2.70    0.01   -1.53
54545.837  2008-03-20  20:05  0.994  -7.19    0.00    2.94   57.1  608.1   -0.1    0.5    2.70    0.01   -1.53
54545.840  2008-03-20  20:08  0.994  -7.19    0.00    2.94   57.0  607.9   -0.1    0.5    2.70    0.01   -1.53
54545.842  2008-03-20  20:11  0.994  -7.19    0.00    2.94   57.0  607.8   -0.1    0.5    2.70    0.01   -1.53
54545.844  2008-03-20  20:14  0.994  -7.19    0.00    2.94   57.0  607.7   -0.1    0.5    2.70    0.01   -1.53
54545.846  2008-03-20  20:17  0.994  -7.19    0.00    2.94   57.0  607.6   -0.1    0.5    2.70    0.01   -1.53
54545.848  2008-03-20  20:20  0.994  -7.19    0.00    2.94   57.0  607.4   -0.0    0.5    2.70    0.01   -1.53
54545.850  2008-03-20  20:23  0.994  -7.19    0.00    2.95   57.0  607.3   -0.0    0.5    2.70    0.01   -1.53
54545.852  2008-03-20  20:26  0.994  -7.19    0.00    2.95   57.0  607.2   -0.0    0.5    2.70    0.01   -1.53
54545.854  2008-03-20  20:29  0.994  -7.19    0.00    2.95   56.9  607.1   -0.0    0.5    2.70    0.01   -1.53
54545.856  2008-03-20  20:32  0.994  -7.19    0.00    2.95   56.9  607.0   -0.0    0.5    2.70    0.01   -1.53
54545.858  2008-03-20  20:35  0.994  -7.19    0.00    2.95   56.9  606.8   -0.0    0.5    2.69    0.01   -1.53
54545.860  2008-03-20  20:38  0.994  -7.19    0.00    2.95   56.9  606.7    0.0    0.5    2.69    0.01   -1.53
54545.862  2008-03-20  20:41  0.994  -7.19    0.00    2.95   56.9  606.6    0.0    0.5    2.69    0.01   -1.53
54545.864  2008-03-20  20:44  0.994  -7.19    0.00    2.95   56.9  606.5    0.0    0.5    2.69    0.01   -1.54
54545.866  2008-03-20  20:47  0.994  -7.19    0.00    2.96   56.9  606.4    0.0    0.4    2.69    0.01   -1.54
54545.869  2008-03-20  20:50  0.994  -7.19    0.00    2.96   56.9  606.2    0.0    0.4    2.69    0.01   -1.54
54545.871  2008-03-20  20:53  0.994  -7.19    0.00    2.96   56.8  606.1    0.0    0.4    2.69    0.01   -1.54
54545.873  2008-03-20  20:56  0.994  -7.19    0.00    2.96   56.8  606.0    0.1    0.4    2.69    0.01   -1.54
54545.875  2008-03-20  20:59  0.994  -7.19    0.00    2.96   56.8  605.9    0.1    0.4    2.69    0.01   -1.54
54545.877  2008-03-20  21:02  0.994  -7.19    0.00    2.96   56.8  605.8    0.1    0.4    2.69    0.01   -1.54
54545.879  2008-03-20  21:05  0.994  -7.19    0.00    2.96   56.8  605.6    0.1    0.4    2.69    0.01   -1.54
54545.881  2008-03-20  21:08  0.994  -7.19    0.00    2.97   56.8  605.5    0.1    0.4    2.69    0.01   -1.54
54545.883  2008-03-20  21:11  0.994  -7.19    0.00    2.97   56.8  605.4    0.1    0.4    2.69    0.01   -1.54
54545.885  2008-03-20  21:14  0.994  -7.19    0.00    2.97   56.7  605.3    0.1    0.4    2.69    0.01   -1.54
54545.887  2008-03-20  21:17  0.994  -7.19    0.00    2.97   56.7  605.2    0.1    0.4    2.69    0.01   -1.54
54545.889  2008-03-20  21:20  0.994  -7.19    0.00    2.97   56.7  605.0    0.1    0.4    2.69    0.01   -1.54
54545.891  2008-03-20  21:23  0.994  -7.19    0.00    2.97   56.7  604.9    0.1    0.4    2.69    0.01   -1.54
54545.893  2008-03-20  21:26  0.994  -7.19    0.00    2.97   56.7  604.8    0.1    0.4    2.69    0.01   -1.54
54545.895  2008-03-20  21:29  0.994  -7.19    0.00    2.98   56.7  604.7    0.2    0.4    2.69    0.01   -1.54
54545.897  2008-03-20  21:32  0.994  -7.19    0.00    2.98   56.6  604.6    0.2    0.4    2.69    0.01   -1.54
54545.900  2008-03-20  21:35  0.994  -7.19    0.00    2.98   56.6  604.4    0.2    0.4    2.69    0.01   -1.54
54545.902  2008-03-20  21:38  0.994  -7.19    0.00    2.98   56.6  604.3    0.2    0.3    2.69    0.01   -1.54
54545.904  2008-03-20  21:41  0.994  -7.19    0.00    2.98   56.6  604.2    0.2    0.3    2.69    0.01   -1.54
54545.906  2008-03-20  21:44  0.994  -7.19    0.00    2.98   56.6  604.1    0.2    0.3    2.69    0.01   -1.54
54545.908  2008-03-20  21:47  0.994  -7.19    0.00    2.98   56.6  604.0    0.2    0.3    2.69    0.01   -1.54
54545.910  2008-03-20  21:50  0.994  -7.19    0.00    2.99   56.6  603.9    0.2    0.3    2.69    0.01   -1.54
54545.912  2008-03-20  21:53  0.994  -7.19    0.00    2.99   56.5  603.7    0.2    0.3    2.69    0.01   -1.54
54545.914  2008-03-20  21:56  0.994  -7.19    0.00    2.99   56.5  603.6    0.2    0.3    2.69    0.01   -1.54
54545.916  2008-03-20  21:59  0.994  -7.19    0.00    2.99   56.5  603.5    0.2    0.3    2.69    0.01   -1.54
54545.918  2008-03-20  22:02  0.994  -7.19    0.00    2.99   56.5  603.4    0.3    0.3    2.69    0.01   -1.54
54545.920  2008-03-20  22:05  0.994  -7.19    0.00    2.99   56.5  603.3    0.3    0.3    2.69    0.01   -1.54
54545.922  2008-03-20  22:08  0.994  -7.19    0.00    3.00   56.5  603.1    0.3    0.3    2.69    0.01   -1.54
54545.924  2008-03-20  22:11  0.994  -7.19    0.00    3.00   56.4  603.0    0.3    0.3    2.69    0.01   -1.54
54545.927  2008-03-20  22:14  0.994  -7.19    0.00    3.00   56.4  602.9    0.3    0.3    2.69    0.01   -1.54
54545.929  2008-03-20  22:17  0.994  -7.19    0.00    3.00   56.4  602.8    0.3    0.3    2.69    0.01   -1.54
54545.931  2008-03-20  22:20  0.994  -7.19    0.00    3.00   56.4  602.7    0.3    0.3    2.69    0.01   -1.54
54545.933  2008-03-20  22:23  0.994  -7.19    0.00    3.00   56.4  602.6    0.3    0.2    2.69    0.01   -1.54
54545.935  2008-03-20  22:26  0.994  -7.19    0.00    3.00   56.4  602.4    0.3    0.2    2.69    0.01   -1.54
54545.937  2008-03-20  22:29  0.994  -7.19    0.00    3.01   56.4  602.3    0.3    0.2    2.69    0.01   -1.54
54545.939  2008-03-20  22:32  0.994  -7.19    0.00    3.01   56.3  602.2    0.3    0.2    2.69    0.01   -1.54
54545.941  2008-03-20  22:35  0.994  -7.19    0.00    3.01   56.3  602.1    0.3    0.2    2.69    0.01   -1.54
54545.943  2008-03-20  22:38  0.994  -7.19    0.00    3.01   56.3  602.0    0.4    0.2    2.69    0.01   -1.54
54545.945  2008-03-20  22:41  0.994  -7.19    0.00    3.01   56.3  601.9    0.4    0.2    2.69    0.01   -1.54
54545.947  2008-03-20  22:44  0.994  -7.19    0.00    3.01   56.3  601.7    0.4    0.2    2.69    0.01   -1.54
54545.949  2008-03-20  22:47  0.994  -7.19    0.00    3.02   56.3  601.6    0.4    0.2    2.69    0.01   -1.54
54545.951  2008-03-20  22:50  0.994  -7.19    0.00    3.02   56.3  601.5    0.4    0.2    2.69    0.01   -1.54
54545.953  2008-03-20  22:52  0.994  -7.19    0.00    3.02   56.2  601.4    0.4    0.2    2.68    0.01   -1.54
54545.956  2008-03-20  22:55  0.994  -7.19    0.00    3.02   56.2  601.3    0.4    0.2    2.68    0.01   -1.54
54545.958  2008-03-20  22:58  0.994  -7.19    0.00    3.02   56.2  601.1    0.4    0.2    2.68    0.01   -1.54
54545.960  2008-03-20  23:01  0.994  -7.19    0.00    3.02   56.2  601.0    0.4    0.2    2.68    0.01   -1.54
54545.962  2008-03-20  23:04  0.994  -7.19    0.00    3.02   56.2  600.9    0.4    0.2    2.68    0.01   -1.54
54545.964  2008-03-20  23:07  0.994  -7.19    0.00    3.03   56.2  600.8    0.4    0.1    2.68    0.01   -1.54
54545.966  2008-03-20  23:10  0.994  -7.19    0.00    3.03   56.2  600.7    0.4    0.1    2.68    0.01   -1.54
54545.968  2008-03-20  23:13  0.994  -7.19    0.00    3.03   56.2  600.5    0.5    0.1    2.68    0.01   -1.54
54545.970  2008-03-20  23:16  0.994  -7.19    0.00    3.03   56.1  600.4    0.5    0.1    2.68    0.01   -1.54
54545.972  2008-03-20  23:19  0.994  -7.19    0.00    3.03   56.1  600.3    0.5    0.1    2.68    0.01   -1.54
54545.974  2008-03-20  23:22  0.994  -7.19    0.00    3.03   56.1  600.2    0.5    0.1    2.68    0.01   -1.54
54545.976  2008-03-20  23:25  0.994  -7.19    0.00    3.04   56.1  600.1    0.5    0.1    2.68    0.01   -1.54
54545.978  2008-03-20  23:28  0.994  -7.19    0.00    3.04   56.1  599.9    0.5    0.1    2.68    0.01   -1.54
54545.980  2008-03-20  23:31  0.994  -7.19    0.00    3.04   56.1  599.8    0.5    0.1    2.68    0.01   -1.54
54545.982  2008-03-20  23:34  0.994  -7.19    0.00    3.04   56.1  599.7    0.5    0.1    2.68    0.01   -1.54
54545.985  2008-03-20  23:37  0.994  -7.19    0.00    3.04   56.0  599.6    0.5    0.1    2.68    0.01   -1.54
54545.987  2008-03-20  23:40  0.994  -7.19    0.00    3.04   56.0  599.5    0.5    0.1    2.68    0.01   -1.54
54545.989  2008-03-20  23:43  0.994  -7.19    0.00    3.04   56.0  599.3    0.5    0.1    2.68    0.01   -1.54
54545.991  2008-03-20  23:46  0.994  -7.19    0.00    3.05   56.0  599.2    0.6    0.1    2.68    0.01   -1.54
54545.993  2008-03-20  23:49  0.994  -7.19    0.00    3.05   56.0  599.1    0.6    0.0    2.68    0.01   -1.54
54545.995  2008-03-20  23:52  0.994  -7.19    0.00    3.05   56.0  599.0    0.6    0.0    2.68    0.01   -1.54
54545.997  2008-03-20  23:55  0.994  -7.19    0.00    3.05   56.0  598.8    0.6    0.0    2.68    0.01   -1.54
54545.999  2008-03-20  23:58  0.994  -7.19    0.00    3.05   55.9  598.7    0.6    0.0    2.68    0.01   -1.54
54546.001  2008-03-21  00:01  0.994  -7.19    0.00    3.05   55.9  598.6    0.6    0.0    2.68    0.01   -1.54
54546.003  2008-03-21  00:04  0.994  -7.19    0.00    3.05   55.9  598.5    0.6    0.0    2.68    0.01   -1.54
54546.005  2008-03-21  00:07  0.994  -7.19    0.00    3.06   55.9  598.3    0.6    0.0    2.68    0.01   -1.54
54546.007  2008-03-21  00:10  0.994  -7.19    0.00    3.06   55.9  598.2    0.6   -0.0    2.68    0.01   -1.54
54546.009  2008-03-21  00:13  0.994  -7.19    0.00    3.06   55.9  598.1    0.6   -0.0    2.68    0.01   -1.54
54546.011  2008-03-21  00:16  0.994  -7.19    0.00    3.06   55.9  598.0    0.7   -0.0    2.68    0.01   -1.54
54546.013  2008-03-21  00:19  0.994  -7.19    0.00    3.06   55.8  597.9    0.7   -0.0    2.68    0.01   -1.54
54546.016  2008-03-21  00:22  0.994  -7.19    0.00    3.06   55.8  597.7    0.7   -0.0    2.68    0.01   -1.54
54546.018  2008-03-21  00:25  0.994  -7.19    0.00    3.06   55.8  597.6    0.7   -0.0    2.68    0.01   -1.54
54546.020  2008-03-21  00:28  0.994  -7.19    0.00    3.07   55.8  597.5    0.7   -0.1    2.68    0.01   -1.54
54546.022  2008-03-21  00:31  0.994  -7.19    0.00    3.07   55.8  597.4    0.7   -0.1    2.68    0.01   -1.54
54546.024  2008-03-21  00:34  0.994  -7.19    0.00    3.07   55.8  597.2    0.7   -0.1    2.68    0.01   -1.54
54546.026  2008-03-21  00:37  0.994  -7.19    0.00    3.07   55.7  597.1    0.7   -0.1    2.68    0.01   -1.54
54546.028  2008-03-21  00:40  0.994  -7.19    0.00    3.07   55.7  597.0    0.7   -0.1    2.68    0.01   -1.54
54546.030  2008-03-21  00:43  0.994  -7.19    0.00    3.07   55.7  596.9    0.7   -0.1    2.68    0.01   -1.54
54546.032  2008-03-21  00:46  0.994  -7.19    0.00    3.07   55.7  596.8    0.8   -0.1    2.68    0.01   -1.54
54546.034  2008-03-21  00:49  0.994  -7.19    0.00    3.07   55.7  596.6    0.8   -0.1    2.67    0.01   -1.54
54546.036  2008-03-21  00:52  0.994  -7.19    0.00    3.08   55.7  596.5    0.8   -0.1    2.67    0.01   -1.54
54546.038  2008-03-21  00:55  0.994  -7.19    0.00    3.08   55.6  596.4    0.8   -0.1    2.67    0.01   -1.54
54546.040  2008-03-21  00:58  0.994  -7.19    0.00    3.08   55.6  596.3    0.8   -0.1    2.67    0.01   -1.54
54546.042  2008-03-21  01:01  0.994  -7.19    0.00    3.08   55.6  596.1    0.8   -0.1    2.67    0.01   -1.54
54546.044  2008-03-21  01:04  0.994  -7.19    0.00    3.08   55.6  596.0    0.8   -0.1    2.67    0.01   -1.54
54546.047  2008-03-21  01:07  0.994  -7.19    0.00    3.08   55.6  595.9    0.8   -0.1    2.67    0.01   -1.54
54546.049  2008-03-21  01:10  0.994  -7.19    0.00    3.08   55.5  595.8    0.8   -0.2    2.67    0.01   -1.54
54546.051  2008-03-21  01:13  0.994  -7.19    0.00    3.09   55.5  595.6    0.8   -0.2    2.67    0.01   -1.54
54546.053  2008-03-21  01:16  0.994  -7.19    0.00    3.09   55.5  595.5    0.9   -0.2    2.67    0.01   -1.54
54546.055  2008-03-21  01:18  0.994  -7.19    0.00    3.09   55.5  595.4    0.9   -0.2    2.67    0.01   -1.54
54546.057  2008-03-21  01:21  0.994  -7.19    0.00    3.09   55.5  595.3    0.9   -0.2    2.67    0.01   -1.55
54546.059  2008-03-21  01:24  0.994  -7.19    0.00    3.09   55.5  595.1    0.9   -0.2    2.67    0.01   -1.55
54546.061  2008-03-21  01:27  0.994  -7.19    0.00    3.09   55.4  595.0    0.9   -0.2    2.67    0.01   -1.55
